sinograma,1,2,3,4,5,6,total
不,3,0,1,8,16,36,64
子,4,2,10,11,20,11,58
心,0,0,4,6,13,18,41
气,2,0,1,4,6,26,39
发,0,0,4,5,10,19,38
人,1,0,2,0,15,16,34
理,0,0,1,6,10,17,34
生,3,2,1,6,7,14,33
动,0,1,1,4,8,19,33
实,0,0,1,4,12,16,33
力,0,0,1,4,5,22,32
一,2,3,7,1,8,10,31
成,0,0,2,3,13,12,30
分,1,0,1,3,8,14,27
意,0,1,4,5,2,15,27
大,1,1,0,4,9,11,26
事,0,1,2,0,6,17,26
时,1,2,0,7,8,7,25
公,0,2,3,2,7,11,25
得,0,2,1,5,5,12,25
然,0,1,3,5,8,8,25
体,0,1,1,0,8,15,25
行,0,0,3,5,4,13,25
无,0,0,0,3,3,19,25
面,2,1,2,2,6,11,24
打,1,1,2,6,4,10,24
手,0,2,1,0,9,12,24
地,0,0,4,3,9,8,24
开,1,1,1,2,7,11,23
对,1,1,0,4,9,8,23
明,1,0,2,2,8,10,23
重,0,0,1,6,3,13,23
合,0,0,0,4,11,8,23
方,0,0,3,3,7,9,22
机,1,2,3,1,1,13,21
出,1,1,0,5,6,8,21
过,0,1,4,4,4,8,21
道,0,1,1,3,6,10,21
正,0,1,0,5,3,12,21
自,0,0,2,3,9,7,21
定,0,0,2,2,6,11,21
业,0,0,1,3,9,8,21
当,0,0,1,2,4,14,21
主,0,0,1,1,9,10,21
解,0,0,2,2,1,15,20
来,1,0,2,7,2,7,19
作,1,0,1,4,6,7,19
情,0,1,1,5,3,9,19
天,4,0,1,1,2,10,18
本,1,0,1,1,5,10,18
可,0,2,1,3,4,8,18
要,0,1,4,2,4,7,18
相,0,0,2,3,5,8,18
文,0,0,2,1,7,8,18
平,0,0,1,1,10,6,18
反,0,0,0,2,6,10,18
制,0,0,0,0,7,11,18
儿,4,0,1,1,3,8,17
会,1,0,3,4,3,6,17
现,1,0,1,2,6,7,17
视,1,0,0,1,2,13,17
报,0,1,0,1,5,10,17
于,0,0,2,3,6,6,17
物,0,0,2,2,7,6,17
风,0,0,1,0,5,11,17
利,0,0,0,2,7,8,17
光,0,0,0,2,4,11,17
精,0,0,0,1,2,14,17
立,0,0,0,0,5,12,17
学,4,0,2,2,6,2,16
上,2,3,2,0,1,8,16
和,1,0,0,1,1,13,16
经,0,1,3,3,4,5,16
长,0,1,2,2,5,6,16
别,0,1,2,2,3,8,16
表,0,1,0,4,7,4,16
节,0,0,3,2,3,8,16
信,0,0,2,5,2,7,16
结,0,0,2,2,5,7,16
干,0,0,1,3,4,8,16
保,0,0,0,2,4,10,16
代,0,0,0,0,7,9,16
点,2,0,0,5,3,5,15
起,1,2,2,1,2,7,15
家,1,1,1,2,4,6,15
为,0,2,3,2,2,6,15
感,0,0,2,4,4,5,15
用,0,0,2,2,7,4,15
化,0,0,2,0,2,11,15
空,0,0,1,3,3,8,15
口,0,0,1,1,6,7,15
通,0,0,0,4,2,9,15
交,0,0,0,3,5,7,15
度,0,0,0,3,4,8,15
收,0,0,0,3,3,9,15
流,0,0,0,3,3,9,15
观,0,0,0,2,7,6,15
水,2,0,1,1,2,8,14
见,2,0,1,1,2,8,14
好,1,1,1,6,3,2,14
高,1,1,1,1,2,8,14
话,1,1,0,3,4,5,14
能,1,1,0,1,3,8,14
后,1,0,3,1,3,6,14
工,1,0,0,1,8,4,14
想,1,0,0,1,6,6,14
期,1,0,0,1,5,7,14
以,0,2,1,2,2,7,14
日,0,2,1,1,6,4,14
常,0,1,1,1,5,6,14
望,0,1,0,1,3,9,14
记,0,0,3,2,3,6,14
法,0,0,1,4,2,7,14
而,0,0,1,2,3,8,14
目,0,0,1,1,5,7,14
调,0,0,1,1,5,7,14
论,0,0,0,2,6,6,14
失,0,0,0,2,5,7,14
领,0,0,0,0,4,10,14
年,1,1,2,1,3,5,13
服,1,1,1,0,4,6,13
关,1,0,4,1,3,4,13
爱,1,0,2,1,7,2,13
名,1,0,1,2,3,6,13
间,0,2,2,1,2,6,13
问,0,2,0,0,5,6,13
着,0,1,1,2,2,7,13
乐,0,1,1,0,4,7,13
外,0,1,0,1,5,6,13
务,0,1,0,1,4,7,13
进,0,1,0,1,4,7,13
照,0,0,4,2,2,5,13
难,0,0,2,3,2,6,13
提,0,0,1,4,3,5,13
应,0,0,1,2,4,6,13
格,0,0,0,5,4,4,13
性,0,0,0,2,2,9,13
导,0,0,0,1,5,7,13
指,0,0,0,1,4,8,13
神,0,0,0,0,3,10,13
小,2,1,1,3,3,2,12
有,2,0,2,2,1,5,12
中,2,0,2,1,4,3,12
车,1,2,1,1,6,1,12
同,1,0,2,4,2,3,12
前,1,0,1,1,3,6,12
先,1,0,1,1,1,8,12
到,0,1,2,3,4,2,12
新,0,1,2,1,0,8,12
件,0,1,1,1,5,4,12
告,0,1,0,1,3,7,12
备,0,1,0,0,3,8,12
放,0,0,2,3,2,5,12
包,0,0,2,1,3,6,12
接,0,0,1,3,4,4,12
复,0,0,1,2,4,5,12
安,0,0,1,2,4,5,12
位,0,0,1,1,4,6,12
头,0,0,1,0,4,7,12
确,0,0,0,3,4,5,12
传,0,0,0,1,6,5,12
质,0,0,0,1,3,8,12
密,0,0,0,1,2,9,12
示,0,0,0,1,2,9,12
品,0,0,0,0,4,8,12
布,0,0,0,0,4,8,12
电,4,0,2,0,4,1,11
果,2,0,1,3,4,1,11
是,1,1,2,4,0,3,11
往,0,1,0,2,2,6,11
场,0,1,0,1,3,6,11
足,0,1,0,0,2,8,11
如,0,0,1,2,4,4,11
容,0,0,1,1,1,8,11
向,0,0,1,1,0,9,11
急,0,0,1,0,3,7,11
求,0,0,1,0,3,7,11
除,0,0,1,0,3,7,11
清,0,0,1,0,1,9,11
受,0,0,0,4,4,3,11
任,0,0,0,3,3,5,11
量,0,0,0,3,3,5,11
原,0,0,0,3,2,6,11
证,0,0,0,3,2,6,11
象,0,0,0,1,8,2,11
消,0,0,0,1,5,5,11
资,0,0,0,1,5,5,11
标,0,0,0,1,4,6,11
争,0,0,0,1,3,7,11
命,0,0,0,1,3,7,11
预,0,0,0,1,3,7,11
待,0,0,0,0,6,5,11
势,0,0,0,0,4,7,11
致,0,0,0,0,2,9,11
固,0,0,0,0,1,10,11
说,1,1,0,2,5,1,10
认,1,0,2,0,3,4,10
国,1,0,1,2,2,4,10
热,1,0,1,1,3,4,10
商,1,0,0,1,4,4,10
比,0,1,2,1,2,4,10
教,0,1,1,2,3,3,10
真,0,1,1,2,2,4,10
便,0,1,1,2,1,5,10
步,0,1,0,1,4,4,10
色,0,1,0,1,4,4,10
身,0,1,0,0,4,5,10
思,0,1,0,0,2,7,10
其,0,0,2,3,3,2,10
护,0,0,1,2,2,5,10
总,0,0,1,1,6,2,10
特,0,0,1,1,5,3,10
周,0,0,1,1,1,7,10
留,0,0,1,1,1,7,10
活,0,0,0,3,3,4,10
及,0,0,0,3,2,5,10
演,0,0,0,3,2,5,10
推,0,0,0,2,3,5,10
严,0,0,0,2,1,7,10
程,0,0,0,1,5,4,10
式,0,0,0,1,4,5,10
美,0,0,0,1,4,5,10
规,0,0,0,1,4,5,10
断,0,0,0,1,3,6,10
民,0,0,0,1,3,6,10
验,0,0,0,1,3,6,10
支,0,0,0,1,2,7,10
转,0,0,0,1,2,7,10
态,0,0,0,1,1,8,10
言,0,0,0,1,1,8,10
局,0,0,0,1,0,9,10
念,0,0,0,0,6,4,10
装,0,0,0,0,6,4,10
产,0,0,0,0,5,5,10
充,0,0,0,0,4,6,10
在,2,1,0,1,3,2,9
多,2,0,1,2,2,2,9
字,2,0,0,1,3,3,9
觉,1,1,0,1,1,5,9
了,1,0,3,1,2,2,9
请,1,0,1,2,1,4,9
老,1,0,1,1,5,1,9
兴,1,0,1,1,0,6,9
书,1,0,1,0,2,5,9
边,0,3,1,0,0,5,9
快,0,2,0,2,3,2,9
题,0,2,0,0,3,4,9
近,0,1,2,0,2,4,9
条,0,1,1,1,1,5,9
员,0,1,0,2,2,4,9
所,0,1,0,2,2,4,9
从,0,1,0,1,5,2,9
火,0,1,0,1,2,5,9
次,0,1,0,1,1,6,9
运,0,1,0,0,5,3,9
助,0,1,0,0,0,8,9
单,0,0,2,0,5,2,9
决,0,0,2,0,3,4,9
数,0,0,1,2,4,2,9
害,0,0,1,2,3,3,9
差,0,0,1,2,2,4,9
料,0,0,1,2,2,4,9
历,0,0,1,1,3,4,9
议,0,0,1,1,1,6,9
顾,0,0,1,1,0,7,9
算,0,0,1,0,2,6,9
全,0,0,0,3,1,5,9
举,0,0,0,3,0,6,9
优,0,0,0,2,3,4,9
计,0,0,0,2,3,4,9
随,0,0,0,2,3,4,9
之,0,0,0,2,1,6,9
取,0,0,0,1,5,3,9
切,0,0,0,1,4,4,9
展,0,0,0,1,2,6,9
绝,0,0,0,1,1,7,9
压,0,0,0,1,0,8,9
设,0,0,0,0,5,4,9
统,0,0,0,0,4,5,9
达,0,0,0,0,4,5,9
习,1,0,3,1,1,2,8
系,1,0,1,1,3,2,8
样,1,0,1,1,1,4,8
回,1,0,1,1,0,5,8
语,1,0,0,3,2,2,8
完,0,1,1,1,3,2,8
知,0,1,0,2,0,5,8
等,0,1,0,1,3,3,8
考,0,1,0,1,2,4,8
音,0,0,2,0,2,4,8
假,0,0,1,3,3,1,8
加,0,0,1,3,0,4,8
礼,0,0,1,2,1,4,8
极,0,0,1,1,3,3,8
满,0,0,1,1,2,4,8
直,0,0,1,1,2,4,8
刻,0,0,1,0,4,3,8
据,0,0,1,0,4,3,8
元,0,0,1,0,3,4,8
简,0,0,1,0,2,5,8
选,0,0,1,0,0,7,8
使,0,0,0,4,2,2,8
亲,0,0,0,3,3,2,8
广,0,0,0,2,4,2,8
术,0,0,0,2,4,2,8
金,0,0,0,2,4,2,8
苦,0,0,0,2,3,3,8
部,0,0,0,2,3,3,8
专,0,0,0,2,2,4,8
功,0,0,0,2,2,4,8
处,0,0,0,2,2,4,8
联,0,0,0,2,1,5,8
激,0,0,0,1,4,3,8
油,0,0,0,1,3,4,8
免,0,0,0,1,2,5,8
养,0,0,0,1,2,5,8
坚,0,0,0,1,2,5,8
味,0,0,0,1,1,6,8
止,0,0,0,1,1,6,8
深,0,0,0,1,1,6,8
落,0,0,0,1,1,6,8
折,0,0,0,1,0,7,8
形,0,0,0,0,6,2,8
模,0,0,0,0,4,4,8
器,0,0,0,0,3,5,8
强,0,0,0,0,3,5,8
义,0,0,0,0,2,6,8
采,0,0,0,0,2,6,8
盛,0,0,0,0,0,8,8
下,3,1,0,0,1,2,7
吃,1,1,0,2,1,2,7
客,1,0,1,2,2,1,7
个,1,0,1,0,4,1,7
号,1,0,0,1,2,3,7
球,0,2,0,4,1,0,7
还,0,1,2,0,1,3,7
共,0,1,1,1,1,3,7
忙,0,1,1,0,3,2,7
准,0,1,0,3,1,2,7
息,0,1,0,2,1,3,7
眼,0,1,0,1,0,5,7
票,0,1,0,0,3,3,7
非,0,1,0,0,2,4,7
张,0,0,1,1,3,2,7
世,0,0,1,1,1,4,7
变,0,0,1,1,1,4,7
故,0,0,1,1,0,5,7
必,0,0,1,0,4,2,7
片,0,0,1,0,4,2,7
级,0,0,1,0,3,3,7
声,0,0,1,0,1,5,7
种,0,0,1,0,1,5,7
花,0,0,1,0,1,5,7
士,0,0,0,3,2,2,7
管,0,0,0,3,1,3,7
排,0,0,0,3,0,4,7
约,0,0,0,3,0,4,7
持,0,0,0,2,3,2,7
内,0,0,0,2,2,3,7
至,0,0,0,2,2,3,7
细,0,0,0,2,1,4,7
改,0,0,0,1,5,1,7
整,0,0,0,1,5,1,7
价,0,0,0,1,4,2,7
修,0,0,0,1,3,3,7
尽,0,0,0,1,3,3,7
职,0,0,0,1,2,4,7
连,0,0,0,1,2,4,7
列,0,0,0,1,1,5,7
案,0,0,0,1,1,5,7
迷,0,0,0,1,1,5,7
散,0,0,0,1,0,6,7
负,0,0,0,1,0,6,7
录,0,0,0,0,5,2,7
承,0,0,0,0,3,4,7
烈,0,0,0,0,3,4,7
独,0,0,0,0,3,4,7
造,0,0,0,0,3,4,7
投,0,0,0,0,2,5,7
源,0,0,0,0,2,5,7
配,0,0,0,0,2,5,7
威,0,0,0,0,1,6,7
恶,0,0,0,0,1,6,7
托,0,0,0,0,1,6,7
智,0,0,0,0,1,6,7
沉,0,0,0,0,1,6,7
素,0,0,0,0,1,6,7
索,0,0,0,0,1,6,7
裁,0,0,0,0,1,6,7
迫,0,0,0,0,1,6,7
防,0,0,0,0,1,6,7
协,0,0,0,0,0,7,7
端,0,0,0,0,0,7,7
少,2,0,0,3,1,0,6
看,2,0,0,1,2,1,6
再,1,1,0,0,2,2,6
东,1,0,1,1,0,3,6
太,1,0,1,0,3,1,6
候,1,0,0,1,1,3,6
冷,1,0,0,1,1,3,6
识,1,0,0,1,1,3,6
游,0,2,1,1,1,1,6
离,0,1,1,1,1,2,6
试,0,1,1,0,1,3,6
白,0,1,1,0,0,4,6
因,0,1,0,2,2,1,6
笑,0,1,0,2,1,2,6
贵,0,1,0,0,1,4,6
办,0,0,2,1,1,2,6
图,0,0,2,0,0,4,6
轻,0,0,1,2,2,1,6
参,0,0,1,1,2,2,6
答,0,0,1,1,1,3,6
迟,0,0,1,1,1,3,6
静,0,0,1,1,1,3,6
且,0,0,1,1,0,4,6
育,0,0,1,1,0,4,6
愿,0,0,1,0,3,2,6
练,0,0,1,0,3,2,6
奇,0,0,1,0,2,3,6
根,0,0,1,0,2,3,6
带,0,0,1,0,1,4,6
注,0,0,1,0,1,4,6
终,0,0,1,0,1,4,6
律,0,0,0,2,3,1,6
区,0,0,0,2,1,3,6
缺,0,0,0,2,1,3,6
讨,0,0,0,2,1,3,6
误,0,0,0,2,1,3,6
责,0,0,0,2,1,3,6
首,0,0,0,2,1,3,6
杂,0,0,0,2,0,4,6
具,0,0,0,1,5,0,6
台,0,0,0,1,4,1,6
紧,0,0,0,1,4,1,6
纪,0,0,0,1,4,1,6
续,0,0,0,1,4,1,6
克,0,0,0,1,3,2,6
建,0,0,0,1,3,2,6
呼,0,0,0,1,2,3,6
序,0,0,0,1,2,3,6
彩,0,0,0,1,2,3,6
志,0,0,0,1,2,3,6
款,0,0,0,1,2,3,6
海,0,0,0,1,2,3,6
例,0,0,0,1,1,4,6
判,0,0,0,1,1,4,6
剧,0,0,0,1,1,4,6
效,0,0,0,1,1,4,6
登,0,0,0,1,1,4,6
善,0,0,0,0,4,2,6
临,0,0,0,0,3,3,6
劳,0,0,0,0,3,3,6
古,0,0,0,0,3,3,6
率,0,0,0,0,3,3,6
称,0,0,0,0,3,3,6
背,0,0,0,0,3,3,6
食,0,0,0,0,3,3,6
军,0,0,0,0,2,4,6
华,0,0,0,0,2,4,6
战,0,0,0,0,2,4,6
操,0,0,0,0,2,4,6
政,0,0,0,0,2,4,6
救,0,0,0,0,2,4,6
权,0,0,0,0,2,4,6
治,0,0,0,0,2,4,6
虚,0,0,0,0,2,4,6
迹,0,0,0,0,2,4,6
依,0,0,0,0,1,5,6
射,0,0,0,0,1,5,6
就,0,0,0,0,1,5,6
废,0,0,0,0,1,5,6
延,0,0,0,0,1,5,6
灵,0,0,0,0,1,5,6
繁,0,0,0,0,1,5,6
维,0,0,0,0,1,5,6
范,0,0,0,0,1,5,6
荣,0,0,0,0,1,5,6
销,0,0,0,0,1,5,6
探,0,0,0,0,0,6,6
策,0,0,0,0,0,6,6
么,3,1,1,0,0,0,5
谢,2,0,0,1,0,2,5
西,1,1,1,1,0,1,5
去,1,1,1,0,2,0,5
影,1,0,1,0,3,0,5
米,1,0,1,0,2,1,5
月,1,0,1,0,0,3,5
飞,1,0,1,0,0,3,5
师,1,0,0,2,1,1,5
最,0,1,2,1,1,0,5
班,0,1,1,2,0,1,5
馆,0,1,1,1,1,1,5
司,0,1,1,0,0,3,5
夫,0,1,0,2,0,2,5
零,0,1,0,1,2,1,5
玩,0,1,0,1,1,2,5
门,0,1,0,1,1,2,5
远,0,1,0,1,0,3,5
病,0,1,0,0,2,2,5
走,0,1,0,0,0,4,5
才,0,0,2,0,1,2,5
网,0,0,1,3,1,0,5
皮,0,0,1,2,1,1,5
者,0,0,1,2,1,1,5
超,0,0,1,1,1,2,5
像,0,0,1,1,0,3,5
响,0,0,1,1,0,3,5
趣,0,0,1,1,0,3,5
典,0,0,1,0,2,2,5
怪,0,0,1,0,2,2,5
担,0,0,1,0,2,2,5
束,0,0,1,0,0,4,5
界,0,0,1,0,0,4,5
越,0,0,1,0,0,4,5
毛,0,0,0,3,2,0,5
许,0,0,0,3,1,1,5
适,0,0,0,3,1,1,5
顺,0,0,0,3,1,1,5
入,0,0,0,2,2,1,5
否,0,0,0,2,2,1,5
抱,0,0,0,2,2,1,5
由,0,0,0,2,2,1,5
座,0,0,0,2,1,2,5
招,0,0,0,2,1,2,5
码,0,0,0,2,1,2,5
积,0,0,0,2,1,2,5
究,0,0,0,2,1,2,5
费,0,0,0,2,1,2,5
引,0,0,0,2,0,3,5
醒,0,0,0,2,0,3,5
则,0,0,0,1,3,1,5
围,0,0,0,1,3,1,5
景,0,0,0,1,3,1,5
此,0,0,0,1,3,1,5
倒,0,0,0,1,2,2,5
存,0,0,0,1,2,2,5
幸,0,0,0,1,2,2,5
怀,0,0,0,1,2,2,5
惜,0,0,0,1,2,2,5
批,0,0,0,1,2,2,5
播,0,0,0,1,2,2,5
材,0,0,0,1,2,2,5
温,0,0,0,1,2,2,5
破,0,0,0,1,2,2,5
伙,0,0,0,1,1,3,5
划,0,0,0,1,1,3,5
勇,0,0,0,1,1,3,5
博,0,0,0,1,1,3,5
即,0,0,0,1,1,3,5
基,0,0,0,1,1,3,5
微,0,0,0,1,1,3,5
户,0,0,0,1,1,3,5
母,0,0,0,1,1,3,5
疑,0,0,0,1,1,3,5
默,0,0,0,1,1,3,5
乱,0,0,0,1,0,4,5
厚,0,0,0,1,0,4,5
封,0,0,0,1,0,4,5
将,0,0,0,1,0,4,5
恐,0,0,0,1,0,4,5
惊,0,0,0,1,0,4,5
拜,0,0,0,1,0,4,5
航,0,0,0,1,0,4,5
显,0,0,0,0,4,1,5
亏,0,0,0,0,3,2,5
征,0,0,0,0,3,2,5
淡,0,0,0,0,3,2,5
状,0,0,0,0,3,2,5
赞,0,0,0,0,3,2,5
退,0,0,0,0,3,2,5
途,0,0,0,0,3,2,5
集,0,0,0,0,3,2,5
促,0,0,0,0,2,3,5
初,0,0,0,0,2,3,5
土,0,0,0,0,2,3,5
型,0,0,0,0,2,3,5
属,0,0,0,0,2,3,5
敏,0,0,0,0,2,3,5
施,0,0,0,0,2,3,5
架,0,0,0,0,2,3,5
私,0,0,0,0,2,3,5
俗,0,0,0,0,1,4,5
偿,0,0,0,0,1,4,5
击,0,0,0,0,1,4,5
创,0,0,0,0,1,4,5
勤,0,0,0,0,1,4,5
启,0,0,0,0,1,4,5
团,0,0,0,0,1,4,5
圆,0,0,0,0,1,4,5
弱,0,0,0,0,1,4,5
忍,0,0,0,0,1,4,5
敬,0,0,0,0,1,4,5
斗,0,0,0,0,1,4,5
略,0,0,0,0,1,4,5
益,0,0,0,0,1,4,5
盖,0,0,0,0,1,4,5
石,0,0,0,0,1,4,5
纳,0,0,0,0,1,4,5
置,0,0,0,0,1,4,5
腐,0,0,0,0,1,4,5
补,0,0,0,0,1,4,5
财,0,0,0,0,1,4,5
辩,0,0,0,0,1,4,5
遗,0,0,0,0,1,4,5
限,0,0,0,0,1,4,5
偏,0,0,0,0,0,5,5
拔,0,0,0,0,0,5,5
残,0,0,0,0,0,5,5
陷,0,0,0,0,0,5,5
隐,0,0,0,0,0,5,5
露,0,0,0,0,0,5,5
午,3,0,0,0,0,1,4
没,2,0,0,0,0,2,4
女,1,1,0,0,2,0,4
亮,1,0,1,0,1,1,4
北,1,0,1,0,0,2,4
欢,1,0,1,0,0,2,4
钱,1,0,0,1,0,2,4
今,1,0,0,0,2,1,4
住,1,0,0,0,1,2,4
喜,1,0,0,0,1,2,4
星,1,0,0,0,1,2,4
弟,0,2,0,0,1,1,4
站,0,1,1,2,0,0,4
路,0,1,0,2,0,1,4
百,0,1,0,1,1,1,4
课,0,1,0,0,1,2,4
只,0,0,2,2,0,0,4
怕,0,0,1,1,2,0,4
万,0,0,1,1,1,1,4
短,0,0,1,1,1,1,4
阳,0,0,1,1,1,1,4
查,0,0,1,1,0,2,4
婚,0,0,1,0,3,0,4
讲,0,0,1,0,3,0,4
易,0,0,1,0,2,1,4
盘,0,0,1,0,2,1,4
角,0,0,1,0,2,1,4
鲜,0,0,1,0,2,1,4
借,0,0,1,0,1,2,4
冒,0,0,1,0,1,2,4
坏,0,0,1,0,1,2,4
居,0,0,1,0,1,2,4
把,0,0,1,0,1,2,4
环,0,0,1,0,1,2,4
画,0,0,1,0,1,2,4
突,0,0,1,0,1,2,4
被,0,0,1,0,1,2,4
遇,0,0,1,0,1,2,4
酒,0,0,1,0,1,2,4
闻,0,0,1,0,1,2,4
境,0,0,1,0,0,3,4
季,0,0,1,0,0,3,4
层,0,0,1,0,0,3,4
旧,0,0,1,0,0,3,4
更,0,0,1,0,0,3,4
草,0,0,1,0,0,3,4
跟,0,0,1,0,0,3,4
附,0,0,1,0,0,3,4
印,0,0,0,3,1,0,4
底,0,0,0,2,1,1,4
际,0,0,0,2,1,1,4
富,0,0,0,2,0,2,4
浪,0,0,0,2,0,2,4
降,0,0,0,2,0,2,4
何,0,0,0,1,3,0,4
吸,0,0,0,1,3,0,4
险,0,0,0,1,3,0,4
与,0,0,0,1,2,1,4
伤,0,0,0,1,2,1,4
况,0,0,0,1,2,1,4
奋,0,0,0,1,2,1,4
概,0,0,0,1,2,1,4
省,0,0,0,1,2,1,4
科,0,0,0,1,2,1,4
鼓,0,0,0,1,2,1,4
份,0,0,0,1,1,2,4
偶,0,0,0,1,1,2,4
凉,0,0,0,1,1,2,4
占,0,0,0,1,1,2,4
巧,0,0,0,1,1,2,4
染,0,0,0,1,1,2,4
福,0,0,0,1,1,2,4
耐,0,0,0,1,1,2,4
肥,0,0,0,1,1,2,4
评,0,0,0,1,1,2,4
诚,0,0,0,1,1,2,4
谈,0,0,0,1,1,2,4
针,0,0,0,1,1,2,4
丰,0,0,0,1,0,3,4
停,0,0,0,1,0,3,4
励,0,0,0,1,0,3,4
卫,0,0,0,1,0,3,4
增,0,0,0,1,0,3,4
奖,0,0,0,1,0,3,4
并,0,0,0,1,0,3,4
弹,0,0,0,1,0,3,4
扬,0,0,0,1,0,3,4
扰,0,0,0,1,0,3,4
漫,0,0,0,1,0,3,4
章,0,0,0,1,0,3,4
艺,0,0,0,1,0,3,4
警,0,0,0,1,0,3,4
释,0,0,0,1,0,3,4
麻,0,0,0,1,0,3,4
组,0,0,0,0,4,0,4
营,0,0,0,0,4,0,4
似,0,0,0,0,3,1,4
农,0,0,0,0,3,1,4
姑,0,0,0,0,3,1,4
挥,0,0,0,0,3,1,4
秘,0,0,0,0,3,1,4
类,0,0,0,0,3,1,4
览,0,0,0,0,3,1,4
项,0,0,0,0,3,1,4
令,0,0,0,0,2,2,4
培,0,0,0,0,2,2,4
套,0,0,0,0,2,2,4
宣,0,0,0,0,2,2,4
幕,0,0,0,0,2,2,4
忽,0,0,0,0,2,2,4
拥,0,0,0,0,2,2,4
构,0,0,0,0,2,2,4
硬,0,0,0,0,2,2,4
移,0,0,0,0,2,2,4
胜,0,0,0,0,2,2,4
胡,0,0,0,0,2,2,4
良,0,0,0,0,2,2,4
英,0,0,0,0,2,2,4
辞,0,0,0,0,2,2,4
追,0,0,0,0,2,2,4
逐,0,0,0,0,2,2,4
靠,0,0,0,0,2,2,4
冲,0,0,0,0,1,3,4
吐,0,0,0,0,1,3,4
妙,0,0,0,0,1,3,4
宁,0,0,0,0,1,3,4
守,0,0,0,0,1,3,4
官,0,0,0,0,1,3,4
尚,0,0,0,0,1,3,4
执,0,0,0,0,1,3,4
扩,0,0,0,0,1,3,4
挑,0,0,0,0,1,3,4
档,0,0,0,0,1,3,4
欣,0,0,0,0,1,3,4
武,0,0,0,0,1,3,4
测,0,0,0,0,1,3,4
珍,0,0,0,0,1,3,4
缓,0,0,0,0,1,3,4
股,0,0,0,0,1,3,4
跃,0,0,0,0,1,3,4
轮,0,0,0,0,1,3,4
闭,0,0,0,0,1,3,4
阻,0,0,0,0,1,3,4
隔,0,0,0,0,1,3,4
雄,0,0,0,0,1,3,4
顿,0,0,0,0,1,3,4
频,0,0,0,0,1,3,4
埋,0,0,0,0,0,4,4
壮,0,0,0,0,0,4,4
审,0,0,0,0,0,4,4
异,0,0,0,0,0,4,4
悬,0,0,0,0,0,4,4
扎,0,0,0,0,0,4,4
抗,0,0,0,0,0,4,4
混,0,0,0,0,0,4,4
灭,0,0,0,0,0,4,4
犯,0,0,0,0,0,4,4
誉,0,0,0,0,0,4,4
野,0,0,0,0,0,4,4
鉴,0,0,0,0,0,4,4
陈,0,0,0,0,0,4,4
障,0,0,0,0,0,4,4
哪,2,0,0,0,1,0,3
姐,1,2,0,0,0,0,3
菜,1,0,1,0,1,0,3
友,1,0,0,2,0,0,3
读,1,0,0,1,1,0,3
十,1,0,0,1,0,1,3
租,1,0,0,1,0,1,3
里,1,0,0,1,0,1,3
写,1,0,0,0,2,0,3
三,1,0,0,0,1,1,3
听,1,0,0,0,1,1,3
脑,1,0,0,0,1,1,3
院,1,0,0,0,1,1,3
四,1,0,0,0,0,2,3
岁,1,0,0,0,0,2,3
奶,0,1,2,0,0,0,3
洗,0,1,2,0,0,0,3
室,0,1,1,0,1,0,3
蛋,0,1,1,0,0,1,3
黑,0,1,1,0,0,1,3
房,0,1,0,2,0,0,3
千,0,1,0,1,0,1,3
右,0,1,0,1,0,1,3
红,0,1,0,1,0,1,3
休,0,1,0,0,2,0,3
介,0,1,0,0,1,1,3
始,0,1,0,0,1,1,3
早,0,1,0,0,1,1,3
牛,0,1,0,0,1,1,3
舞,0,1,0,0,1,1,3
卖,0,1,0,0,0,2,3
已,0,1,0,0,0,2,3
床,0,1,0,0,0,2,3
慢,0,1,0,0,0,2,3
给,0,1,0,0,0,2,3
让,0,1,0,0,0,2,3
诉,0,1,0,0,0,2,3
马,0,0,2,1,0,0,3
市,0,0,2,0,1,0,3
牙,0,0,1,1,1,0,3
词,0,0,1,1,1,0,3
香,0,0,1,1,1,0,3
城,0,0,1,1,0,1,3
乎,0,0,1,0,2,0,3
换,0,0,1,0,2,0,3
久,0,0,1,0,1,1,3
健,0,0,1,0,1,1,3
冰,0,0,1,0,1,1,3
卡,0,0,1,0,1,1,3
双,0,0,1,0,1,1,3
园,0,0,1,0,1,1,3
段,0,0,1,0,1,1,3
疼,0,0,1,0,1,1,3
舒,0,0,1,0,1,1,3
赛,0,0,1,0,1,1,3
迎,0,0,1,0,1,1,3
铁,0,0,1,0,1,1,3
黄,0,0,1,0,1,1,3
南,0,0,1,0,0,2,3
忘,0,0,1,0,0,2,3
检,0,0,1,0,0,2,3
船,0,0,1,0,0,2,3
较,0,0,1,0,0,2,3
须,0,0,1,0,0,2,3
饱,0,0,1,0,0,2,3
烦,0,0,0,2,1,0,3
竟,0,0,0,2,1,0,3
速,0,0,0,2,1,0,3
低,0,0,0,2,0,1,3
困,0,0,0,2,0,1,3
按,0,0,0,2,0,1,3
敢,0,0,0,2,0,1,3
普,0,0,0,2,0,1,3
虎,0,0,0,2,0,1,3
遍,0,0,0,2,0,1,3
镜,0,0,0,2,0,1,3
抽,0,0,0,1,2,0,3
沙,0,0,0,1,2,0,3
熟,0,0,0,1,2,0,3
的,0,0,0,1,2,0,3
祝,0,0,0,1,2,0,3
赶,0,0,0,1,2,0,3
输,0,0,0,1,2,0,3
付,0,0,0,1,1,1,3
值,0,0,0,1,1,1,3
危,0,0,0,1,1,1,3
各,0,0,0,1,1,1,3
察,0,0,0,1,1,1,3
尊,0,0,0,1,1,1,3
挂,0,0,0,1,1,1,3
毕,0,0,0,1,1,1,3
社,0,0,0,1,1,1,3
签,0,0,0,1,1,1,3
粗,0,0,0,1,1,1,3
翻,0,0,0,1,1,1,3
获,0,0,0,1,1,1,3
丢,0,0,0,1,0,2,3
丽,0,0,0,1,0,2,3
众,0,0,0,1,0,2,3
供,0,0,0,1,0,2,3
厉,0,0,0,1,0,2,3
塑,0,0,0,1,0,2,3
寒,0,0,0,1,0,2,3
尝,0,0,0,1,0,2,3
弃,0,0,0,1,0,2,3
技,0,0,0,1,0,2,3
授,0,0,0,1,0,2,3
族,0,0,0,1,0,2,3
桥,0,0,0,1,0,2,3
污,0,0,0,1,0,2,3
烟,0,0,0,1,0,2,3
禁,0,0,0,1,0,2,3
穷,0,0,0,1,0,2,3
竞,0,0,0,1,0,2,3
籍,0,0,0,1,0,2,3
线,0,0,0,1,0,2,3
聚,0,0,0,1,0,2,3
脱,0,0,0,1,0,2,3
著,0,0,0,1,0,2,3
虑,0,0,0,1,0,2,3
谅,0,0,0,1,0,2,3
貌,0,0,0,1,0,2,3
败,0,0,0,1,0,2,3
货,0,0,0,1,0,2,3
队,0,0,0,1,0,2,3
骗,0,0,0,1,0,2,3
余,0,0,0,0,3,0,3
握,0,0,0,0,3,0,3
灰,0,0,0,0,3,0,3
训,0,0,0,0,3,0,3
青,0,0,0,0,3,0,3
丝,0,0,0,0,2,1,3
刺,0,0,0,0,2,1,3
夜,0,0,0,0,2,1,3
席,0,0,0,0,2,1,3
戒,0,0,0,0,2,1,3
未,0,0,0,0,2,1,3
汇,0,0,0,0,2,1,3
润,0,0,0,0,2,1,3
糊,0,0,0,0,2,1,3
纷,0,0,0,0,2,1,3
绕,0,0,0,0,2,1,3
舍,0,0,0,0,2,1,3
艰,0,0,0,0,2,1,3
豪,0,0,0,0,2,1,3
贴,0,0,0,0,2,1,3
避,0,0,0,0,2,1,3
闲,0,0,0,0,2,1,3
阶,0,0,0,0,2,1,3
陆,0,0,0,0,2,1,3
乡,0,0,0,0,1,2,3
伟,0,0,0,0,1,2,3
伴,0,0,0,0,1,2,3
倡,0,0,0,0,1,2,3
含,0,0,0,0,1,2,3
吹,0,0,0,0,1,2,3
坦,0,0,0,0,1,2,3
妇,0,0,0,0,1,2,3
委,0,0,0,0,1,2,3
宽,0,0,0,0,1,2,3
巴,0,0,0,0,1,2,3
归,0,0,0,0,1,2,3
怨,0,0,0,0,1,2,3
恨,0,0,0,0,1,2,3
悲,0,0,0,0,1,2,3
惠,0,0,0,0,1,2,3
慰,0,0,0,0,1,2,3
抢,0,0,0,0,1,2,3
拼,0,0,0,0,1,2,3
振,0,0,0,0,1,2,3
损,0,0,0,0,1,2,3
摆,0,0,0,0,1,2,3
摇,0,0,0,0,1,2,3
摩,0,0,0,0,1,2,3
摸,0,0,0,0,1,2,3
朗,0,0,0,0,1,2,3
朝,0,0,0,0,1,2,3
毒,0,0,0,0,1,2,3
毫,0,0,0,0,1,2,3
派,0,0,0,0,1,2,3
潮,0,0,0,0,1,2,3
烂,0,0,0,0,1,2,3
献,0,0,0,0,1,2,3
疲,0,0,0,0,1,2,3
碍,0,0,0,0,1,2,3
纯,0,0,0,0,1,2,3
织,0,0,0,0,1,2,3
络,0,0,0,0,1,2,3
缩,0,0,0,0,1,2,3
胸,0,0,0,0,1,2,3
藏,0,0,0,0,1,2,3
血,0,0,0,0,1,2,3
访,0,0,0,0,1,2,3
辅,0,0,0,0,1,2,3
述,0,0,0,0,1,2,3
透,0,0,0,0,1,2,3
醉,0,0,0,0,1,2,3
锁,0,0,0,0,1,2,3
阵,0,0,0,0,1,2,3
震,0,0,0,0,1,2,3
革,0,0,0,0,1,2,3
饰,0,0,0,0,1,2,3
齐,0,0,0,0,1,2,3
予,0,0,0,0,0,3,3
倾,0,0,0,0,0,3,3
储,0,0,0,0,0,3,3
凝,0,0,0,0,0,3,3
削,0,0,0,0,0,3,3
勃,0,0,0,0,0,3,3
吞,0,0,0,0,0,3,3
喻,0,0,0,0,0,3,3
妥,0,0,0,0,0,3,3
宗,0,0,0,0,0,3,3
崇,0,0,0,0,0,3,3
庄,0,0,0,0,0,3,3
弊,0,0,0,0,0,3,3
径,0,0,0,0,0,3,3
循,0,0,0,0,0,3,3
忧,0,0,0,0,0,3,3
恰,0,0,0,0,0,3,3
悟,0,0,0,0,0,3,3
惑,0,0,0,0,0,3,3
慈,0,0,0,0,0,3,3
截,0,0,0,0,0,3,3
抵,0,0,0,0,0,3,3
掩,0,0,0,0,0,3,3
搏,0,0,0,0,0,3,3
搭,0,0,0,0,0,3,3
攻,0,0,0,0,0,3,3
旋,0,0,0,0,0,3,3
暴,0,0,0,0,0,3,3
曲,0,0,0,0,0,3,3
波,0,0,0,0,0,3,3
洁,0,0,0,0,0,3,3
涉,0,0,0,0,0,3,3
添,0,0,0,0,0,3,3
潜,0,0,0,0,0,3,3
爆,0,0,0,0,0,3,3
牵,0,0,0,0,0,3,3
畅,0,0,0,0,0,3,3
疏,0,0,0,0,0,3,3
监,0,0,0,0,0,3,3
磨,0,0,0,0,0,3,3
祖,0,0,0,0,0,3,3
粉,0,0,0,0,0,3,3
罪,0,0,0,0,0,3,3
翼,0,0,0,0,0,3,3
耀,0,0,0,0,0,3,3
胞,0,0,0,0,0,3,3
脉,0,0,0,0,0,3,3
茫,0,0,0,0,0,3,3
荒,0,0,0,0,0,3,3
融,0,0,0,0,0,3,3
谋,0,0,0,0,0,3,3
贯,0,0,0,0,0,3,3
赖,0,0,0,0,0,3,3
踪,0,0,0,0,0,3,3
迁,0,0,0,0,0,3,3
遭,0,0,0,0,0,3,3
镇,0,0,0,0,0,3,3
阔,0,0,0,0,0,3,3
陶,0,0,0,0,0,3,3
额,0,0,0,0,0,3,3
医,2,0,0,0,0,0,2
妈,2,0,0,0,0,0,2
店,2,0,0,0,0,0,2
怎,2,0,0,0,0,0,2
我,2,0,0,0,0,0,2
爸,2,0,0,0,0,0,2
饭,2,0,0,0,0,0,2
什,1,1,0,0,0,0,2
他,1,0,1,0,0,0,2
几,1,0,1,0,0,0,2
校,1,0,1,0,0,0,2
猫,1,0,1,0,0,0,2
京,1,0,0,1,0,0,2
们,1,0,0,1,0,0,2
坐,1,0,0,1,0,0,2
杯,1,0,0,1,0,0,2
都,1,0,0,1,0,0,2
二,1,0,0,0,0,1,2
做,1,0,0,0,0,1,2
喂,1,0,0,0,0,1,2
漂,1,0,0,0,0,1,2
衣,1,0,0,0,0,1,2
那,1,0,0,0,0,1,2
哥,0,2,0,0,0,0,2
妹,0,2,0,0,0,0,2
但,0,1,1,0,0,0,2
帮,0,1,1,0,0,0,2
笔,0,1,1,0,0,0,2
也,0,1,0,1,0,0,2
左,0,1,0,1,0,0,2
旅,0,1,0,1,0,0,2
累,0,1,0,1,0,0,2
错,0,1,0,1,0,0,2
吧,0,1,0,0,1,0,2
姓,0,1,0,0,1,0,2
宾,0,1,0,0,1,0,2
找,0,1,0,0,1,0,2
晚,0,1,0,0,1,0,2
汽,0,1,0,0,1,0,2
肉,0,1,0,0,1,0,2
两,0,1,0,0,0,1,2
宜,0,1,0,0,0,1,2
晴,0,1,0,0,0,1,2
歌,0,1,0,0,0,1,2
穿,0,1,0,0,0,1,2
药,0,1,0,0,0,1,2
跳,0,1,0,0,0,1,2
送,0,1,0,0,0,1,2
阴,0,1,0,0,0,1,2
雪,0,1,0,0,0,1,2
叔,0,0,2,0,0,0,2
爷,0,0,2,0,0,0,2
箱,0,0,2,0,0,0,2
刚,0,0,1,1,0,0,2
聊,0,0,1,1,0,0,2
邮,0,0,1,1,0,0,2
刷,0,0,1,0,1,0,2
夏,0,0,1,0,1,0,2
戏,0,0,1,0,1,0,2
或,0,0,1,0,1,0,2
春,0,0,1,0,1,0,2
朵,0,0,1,0,1,0,2
板,0,0,1,0,1,0,2
烧,0,0,1,0,1,0,2
糕,0,0,1,0,1,0,2
耳,0,0,1,0,1,0,2
裤,0,0,1,0,1,0,2
银,0,0,1,0,1,0,2
半,0,0,1,0,0,1,2
哭,0,0,1,0,0,1,2
嘴,0,0,1,0,0,1,2
山,0,0,1,0,0,1,2
己,0,0,1,0,0,1,2
惯,0,0,1,0,0,1,2
择,0,0,1,0,0,1,2
拿,0,0,1,0,0,1,2
末,0,0,1,0,0,1,2
树,0,0,1,0,0,1,2
渴,0,0,1,0,0,1,2
灯,0,0,1,0,0,1,2
炼,0,0,1,0,0,1,2
蓝,0,0,1,0,0,1,2
衬,0,0,1,0,0,1,2
该,0,0,1,0,0,1,2
需,0,0,1,0,0,1,2
饮,0,0,1,0,0,1,2
饿,0,0,1,0,0,1,2
鼻,0,0,1,0,0,1,2
互,0,0,0,2,0,0,2
减,0,0,0,2,0,0,2
厅,0,0,0,2,0,0,2
松,0,0,0,2,0,0,2
歉,0,0,0,2,0,0,2
聘,0,0,0,2,0,0,2
仔,0,0,0,1,1,0,2
刀,0,0,0,1,1,0,2
售,0,0,0,1,1,0,2
巾,0,0,0,1,1,0,2
忆,0,0,0,1,1,0,2
暖,0,0,0,1,1,0,2
梦,0,0,0,1,1,0,2
洲,0,0,0,1,1,0,2
牌,0,0,0,1,1,0,2
窗,0,0,0,1,1,0,2
脏,0,0,0,1,1,0,2
袋,0,0,0,1,1,0,2
距,0,0,0,1,1,0,2
辣,0,0,0,1,1,0,2
钢,0,0,0,1,1,0,2
键,0,0,0,1,1,0,2
乘,0,0,0,1,0,1,2
亚,0,0,0,1,0,1,2
仍,0,0,0,1,0,1,2
估,0,0,0,1,0,1,2
却,0,0,0,1,0,1,2
厌,0,0,0,1,0,1,2
堵,0,0,0,1,0,1,2
寄,0,0,0,1,0,1,2
弄,0,0,0,1,0,1,2
恼,0,0,0,1,0,1,2
悉,0,0,0,1,0,1,2
悔,0,0,0,1,0,1,2
懒,0,0,0,1,0,1,2
戴,0,0,0,1,0,1,2
扮,0,0,0,1,0,1,2
拾,0,0,0,1,0,1,2
挺,0,0,0,1,0,1,2
擦,0,0,0,1,0,1,2
既,0,0,0,1,0,1,2
暂,0,0,0,1,0,1,2
林,0,0,0,1,0,1,2
棒,0,0,0,1,0,1,2
植,0,0,0,1,0,1,2
死,0,0,0,1,0,1,2
永,0,0,0,1,0,1,2
泉,0,0,0,1,0,1,2
泼,0,0,0,1,0,1,2
济,0,0,0,1,0,1,2
父,0,0,0,1,0,1,2
申,0,0,0,1,0,1,2
矿,0,0,0,1,0,1,2
研,0,0,0,1,0,1,2
童,0,0,0,1,0,1,2
符,0,0,0,1,0,1,2
笨,0,0,0,1,0,1,2
继,0,0,0,1,0,1,2
羞,0,0,0,1,0,1,2
羽,0,0,0,1,0,1,2
肯,0,0,0,1,0,1,2
详,0,0,0,1,0,1,2
谊,0,0,0,1,0,1,2
购,0,0,0,1,0,1,2
辛,0,0,0,1,0,1,2
邀,0,0,0,1,0,1,2
闹,0,0,0,1,0,1,2
仿,0,0,0,0,2,0,2
册,0,0,0,0,2,0,2
吵,0,0,0,0,2,0,2
均,0,0,0,0,2,0,2
夸,0,0,0,0,2,0,2
姥,0,0,0,0,2,0,2
宝,0,0,0,0,2,0,2
巨,0,0,0,0,2,0,2
庆,0,0,0,0,2,0,2
悄,0,0,0,0,2,0,2
抓,0,0,0,0,2,0,2
括,0,0,0,0,2,0,2
掌,0,0,0,0,2,0,2
旦,0,0,0,0,2,0,2
池,0,0,0,0,2,0,2
湿,0,0,0,0,2,0,2
滑,0,0,0,0,2,0,2
王,0,0,0,0,2,0,2
痛,0,0,0,0,2,0,2
胃,0,0,0,0,2,0,2
膀,0,0,0,0,2,0,2
舅,0,0,0,0,2,0,2
诊,0,0,0,0,2,0,2
询,0,0,0,0,2,0,2
豆,0,0,0,0,2,0,2
账,0,0,0,0,2,0,2
软,0,0,0,0,2,0,2
辈,0,0,0,0,2,0,2
辑,0,0,0,0,2,0,2
逃,0,0,0,0,2,0,2
驾,0,0,0,0,2,0,2
麦,0,0,0,0,2,0,2
鼠,0,0,0,0,2,0,2
丑,0,0,0,0,1,1,2
乏,0,0,0,0,1,1,2
企,0,0,0,0,1,1,2
伸,0,0,0,0,1,1,2
佩,0,0,0,0,1,1,2
俱,0,0,0,0,1,1,2
兑,0,0,0,0,1,1,2
兼,0,0,0,0,1,1,2
冻,0,0,0,0,1,1,2
凌,0,0,0,0,1,1,2
凭,0,0,0,0,1,1,2
剪,0,0,0,0,1,1,2
劣,0,0,0,0,1,1,2
劲,0,0,0,0,1,1,2
升,0,0,0,0,1,1,2
卷,0,0,0,0,1,1,2
叉,0,0,0,0,1,1,2
召,0,0,0,0,1,1,2
吓,0,0,0,0,1,1,2
呆,0,0,0,0,1,1,2
唯,0,0,0,0,1,1,2
圈,0,0,0,0,1,1,2
域,0,0,0,0,1,1,2
堆,0,0,0,0,1,1,2
壁,0,0,0,0,1,1,2
夕,0,0,0,0,1,1,2
夹,0,0,0,0,1,1,2
妨,0,0,0,0,1,1,2
姿,0,0,0,0,1,1,2
娘,0,0,0,0,1,1,2
媒,0,0,0,0,1,1,2
孕,0,0,0,0,1,1,2
寂,0,0,0,0,1,1,2
寓,0,0,0,0,1,1,2
寻,0,0,0,0,1,1,2
屈,0,0,0,0,1,1,2
币,0,0,0,0,1,1,2
幅,0,0,0,0,1,1,2
幼,0,0,0,0,1,1,2
库,0,0,0,0,1,1,2
彻,0,0,0,0,1,1,2
德,0,0,0,0,1,1,2
恋,0,0,0,0,1,1,2
恭,0,0,0,0,1,1,2
恳,0,0,0,0,1,1,2
愧,0,0,0,0,1,1,2
慎,0,0,0,0,1,1,2
抖,0,0,0,0,1,1,2
拐,0,0,0,0,1,1,2
拦,0,0,0,0,1,1,2
拳,0,0,0,0,1,1,2
挡,0,0,0,0,1,1,2
挣,0,0,0,0,1,1,2
控,0,0,0,0,1,1,2
描,0,0,0,0,1,1,2
插,0,0,0,0,1,1,2
摄,0,0,0,0,1,1,2
摘,0,0,0,0,1,1,2
敌,0,0,0,0,1,1,2
斜,0,0,0,0,1,1,2
暗,0,0,0,0,1,1,2
木,0,0,0,0,1,1,2
杀,0,0,0,0,1,1,2
柔,0,0,0,0,1,1,2
柴,0,0,0,0,1,1,2
核,0,0,0,0,1,1,2
歪,0,0,0,0,1,1,2
殊,0,0,0,0,1,1,2
泛,0,0,0,0,1,1,2
泪,0,0,0,0,1,1,2
洒,0,0,0,0,1,1,2
洞,0,0,0,0,1,1,2
浓,0,0,0,0,1,1,2
涂,0,0,0,0,1,1,2
涨,0,0,0,0,1,1,2
淘,0,0,0,0,1,1,2
渐,0,0,0,0,1,1,2
滚,0,0,0,0,1,1,2
漏,0,0,0,0,1,1,2
灾,0,0,0,0,1,1,2
炸,0,0,0,0,1,1,2
熬,0,0,0,0,1,1,2
燥,0,0,0,0,1,1,2
版,0,0,0,0,1,1,2
犹,0,0,0,0,1,1,2
玉,0,0,0,0,1,1,2
甲,0,0,0,0,1,1,2
盆,0,0,0,0,1,1,2
砍,0,0,0,0,1,1,2
碎,0,0,0,0,1,1,2
窄,0,0,0,0,1,1,2
竹,0,0,0,0,1,1,2
糟,0,0,0,0,1,1,2
纲,0,0,0,0,1,1,2
编,0,0,0,0,1,1,2
罚,0,0,0,0,1,1,2
群,0,0,0,0,1,1,2
胆,0,0,0,0,1,1,2
脆,0,0,0,0,1,1,2
苗,0,0,0,0,1,1,2
薄,0,0,0,0,1,1,2
蛇,0,0,0,0,1,1,2
衡,0,0,0,0,1,1,2
触,0,0,0,0,1,1,2
谦,0,0,0,0,1,1,2
贝,0,0,0,0,1,1,2
赏,0,0,0,0,1,1,2
践,0,0,0,0,1,1,2
载,0,0,0,0,1,1,2
违,0,0,0,0,1,1,2
递,0,0,0,0,1,1,2
逻,0,0,0,0,1,1,2
遵,0,0,0,0,1,1,2
锅,0,0,0,0,1,1,2
闪,0,0,0,0,1,1,2
雷,0,0,0,0,1,1,2
鞭,0,0,0,0,1,1,2
飘,0,0,0,0,1,1,2
骨,0,0,0,0,1,1,2
鬼,0,0,0,0,1,1,2
龙,0,0,0,0,1,1,2
丧,0,0,0,0,0,2,2
亡,0,0,0,0,0,2,2
仓,0,0,0,0,0,2,2
仪,0,0,0,0,0,2,2
仰,0,0,0,0,0,2,2
伏,0,0,0,0,0,2,2
伐,0,0,0,0,0,2,2
伪,0,0,0,0,0,2,2
侃,0,0,0,0,0,2,2
侵,0,0,0,0,0,2,2
兢,0,0,0,0,0,2,2
凡,0,0,0,0,0,2,2
凶,0,0,0,0,0,2,2
刊,0,0,0,0,0,2,2
刹,0,0,0,0,0,2,2
副,0,0,0,0,0,2,2
勉,0,0,0,0,0,2,2
卑,0,0,0,0,0,2,2
叹,0,0,0,0,0,2,2
咐,0,0,0,0,0,2,2
哄,0,0,0,0,0,2,2
嘱,0,0,0,0,0,2,2
堪,0,0,0,0,0,2,2
塞,0,0,0,0,0,2,2
夺,0,0,0,0,0,2,2
奏,0,0,0,0,0,2,2
奔,0,0,0,0,0,2,2
奥,0,0,0,0,0,2,2
娃,0,0,0,0,0,2,2
嫌,0,0,0,0,0,2,2
孤,0,0,0,0,0,2,2
宏,0,0,0,0,0,2,2
尖,0,0,0,0,0,2,2
屏,0,0,0,0,0,2,2
屑,0,0,0,0,0,2,2
峭,0,0,0,0,0,2,2
庸,0,0,0,0,0,2,2
廉,0,0,0,0,0,2,2
弥,0,0,0,0,0,2,2
徒,0,0,0,0,0,2,2
忌,0,0,0,0,0,2,2
忠,0,0,0,0,0,2,2
患,0,0,0,0,0,2,2
惧,0,0,0,0,0,2,2
愚,0,0,0,0,0,2,2
慨,0,0,0,0,0,2,2
扣,0,0,0,0,0,2,2
扭,0,0,0,0,0,2,2
抚,0,0,0,0,0,2,2
抹,0,0,0,0,0,2,2
拘,0,0,0,0,0,2,2
拨,0,0,0,0,0,2,2
挚,0,0,0,0,0,2,2
挽,0,0,0,0,0,2,2
捕,0,0,0,0,0,2,2
捧,0,0,0,0,0,2,2
撤,0,0,0,0,0,2,2
擅,0,0,0,0,0,2,2
敞,0,0,0,0,0,2,2
旗,0,0,0,0,0,2,2
昏,0,0,0,0,0,2,2
昧,0,0,0,0,0,2,2
晨,0,0,0,0,0,2,2
朴,0,0,0,0,0,2,2
枯,0,0,0,0,0,2,2
横,0,0,0,0,0,2,2
欺,0,0,0,0,0,2,2
歧,0,0,0,0,0,2,2
殖,0,0,0,0,0,2,2
毁,0,0,0,0,0,2,2
毅,0,0,0,0,0,2,2
氧,0,0,0,0,0,2,2
汰,0,0,0,0,0,2,2
泄,0,0,0,0,0,2,2
泊,0,0,0,0,0,2,2
泡,0,0,0,0,0,2,2
津,0,0,0,0,0,2,2
洽,0,0,0,0,0,2,2
涌,0,0,0,0,0,2,2
港,0,0,0,0,0,2,2
滋,0,0,0,0,0,2,2
滔,0,0,0,0,0,2,2
滞,0,0,0,0,0,2,2
炎,0,0,0,0,0,2,2
焦,0,0,0,0,0,2,2
牢,0,0,0,0,0,2,2
牲,0,0,0,0,0,2,2
狭,0,0,0,0,0,2,2
狼,0,0,0,0,0,2,2
甘,0,0,0,0,0,2,2
田,0,0,0,0,0,2,2
畜,0,0,0,0,0,2,2
疾,0,0,0,0,0,2,2
症,0,0,0,0,0,2,2
瘾,0,0,0,0,0,2,2
皇,0,0,0,0,0,2,2
盈,0,0,0,0,0,2,2
督,0,0,0,0,0,2,2
祥,0,0,0,0,0,2,2
笼,0,0,0,0,0,2,2
筹,0,0,0,0,0,2,2
纠,0,0,0,0,0,2,2
纵,0,0,0,0,0,2,2
绎,0,0,0,0,0,2,2
绑,0,0,0,0,0,2,2
缘,0,0,0,0,0,2,2
署,0,0,0,0,0,2,2
耗,0,0,0,0,0,2,2
耻,0,0,0,0,0,2,2
肆,0,0,0,0,0,2,2
肖,0,0,0,0,0,2,2
胎,0,0,0,0,0,2,2
腾,0,0,0,0,0,2,2
若,0,0,0,0,0,2,2
董,0,0,0,0,0,2,2
蔑,0,0,0,0,0,2,2
衰,0,0,0,0,0,2,2
衷,0,0,0,0,0,2,2
誓,0,0,0,0,0,2,2
诞,0,0,0,0,0,2,2
谷,0,0,0,0,0,2,2
贪,0,0,0,0,0,2,2
贫,0,0,0,0,0,2,2
贬,0,0,0,0,0,2,2
赋,0,0,0,0,0,2,2
赤,0,0,0,0,0,2,2
踏,0,0,0,0,0,2,2
辉,0,0,0,0,0,2,2
辜,0,0,0,0,0,2,2
辨,0,0,0,0,0,2,2
迈,0,0,0,0,0,2,2
遥,0,0,0,0,0,2,2
鄙,0,0,0,0,0,2,2
酬,0,0,0,0,0,2,2
酷,0,0,0,0,0,2,2
钻,0,0,0,0,0,2,2
锐,0,0,0,0,0,2,2
闷,0,0,0,0,0,2,2
隆,0,0,0,0,0,2,2
雇,0,0,0,0,0,2,2
雕,0,0,0,0,0,2,2
顽,0,0,0,0,0,2,2
颁,0,0,0,0,0,2,2
颠,0,0,0,0,0,2,2
骚,0,0,0,0,0,2,2
魄,0,0,0,0,0,2,2
魔,0,0,0,0,0,2,2
七,1,0,0,0,0,0,1
九,1,0,0,0,0,0,1
买,1,0,0,0,0,0,1
五,1,0,0,0,0,0,1
些,1,0,0,0,0,0,1
你,1,0,0,0,0,0,1
八,1,0,0,0,0,0,1
六,1,0,0,0,0,0,1
叫,1,0,0,0,0,0,1
吗,1,0,0,0,0,0,1
呢,1,0,0,0,0,0,1
喝,1,0,0,0,0,0,1
块,1,0,0,0,0,0,1
她,1,0,0,0,0,0,1
很,1,0,0,0,0,0,1
昨,1,0,0,0,0,0,1
朋,1,0,0,0,0,0,1
桌,1,0,0,0,0,0,1
椅,1,0,0,0,0,0,1
汉,1,0,0,0,0,0,1
狗,1,0,0,0,0,0,1
睡,1,0,0,0,0,0,1
苹,1,0,0,0,0,0,1
茶,1,0,0,0,0,0,1
谁,1,0,0,0,0,0,1
这,1,0,0,0,0,0,1
钟,1,0,0,0,0,0,1
雨,1,0,0,0,0,0,1
丈,0,1,0,0,0,0,1
咖,0,1,0,0,0,0,1
唱,0,1,0,0,0,0,1
啡,0,1,0,0,0,0,1
妻,0,1,0,0,0,0,1
孩,0,1,0,0,0,0,1
它,0,1,0,0,0,0,1
希,0,1,0,0,0,0,1
您,0,1,0,0,0,0,1
懂,0,1,0,0,0,0,1
旁,0,1,0,0,0,0,1
每,0,1,0,0,0,0,1
泳,0,1,0,0,0,0,1
瓜,0,1,0,0,0,0,1
男,0,1,0,0,0,0,1
睛,0,1,0,0,0,0,1
第,0,1,0,0,0,0,1
篮,0,1,0,0,0,0,1
纸,0,1,0,0,0,0,1
绍,0,1,0,0,0,0,1
羊,0,1,0,0,0,0,1
虽,0,1,0,0,0,0,1
跑,0,1,0,0,0,0,1
踢,0,1,0,0,0,0,1
铅,0,1,0,0,0,0,1
颜,0,1,0,0,0,0,1
鱼,0,1,0,0,0,0,1
鸡,0,1,0,0,0,0,1
伞,0,0,1,0,0,0,1
冬,0,0,1,0,0,0,1
净,0,0,1,0,0,0,1
刮,0,0,1,0,0,0,1
努,0,0,1,0,0,0,1
又,0,0,1,0,0,0,1
句,0,0,1,0,0,0,1
史,0,0,1,0,0,0,1
啤,0,0,1,0,0,0,1
姨,0,0,1,0,0,0,1
帽,0,0,1,0,0,0,1
康,0,0,1,0,0,0,1
扫,0,0,1,0,0,0,1
搬,0,0,1,0,0,0,1
斤,0,0,1,0,0,0,1
李,0,0,1,0,0,0,1
梯,0,0,1,0,0,0,1
楚,0,0,1,0,0,0,1
楼,0,0,1,0,0,0,1
河,0,0,1,0,0,0,1
澡,0,0,1,0,0,0,1
熊,0,0,1,0,0,0,1
爬,0,0,1,0,0,0,1
瓶,0,0,1,0,0,0,1
甜,0,0,1,0,0,0,1
瘦,0,0,1,0,0,0,1
矮,0,0,1,0,0,0,1
碗,0,0,1,0,0,0,1
秋,0,0,1,0,0,0,1
筷,0,0,1,0,0,0,1
绩,0,0,1,0,0,0,1
绿,0,0,1,0,0,0,1
聪,0,0,1,0,0,0,1
胖,0,0,1,0,0,0,1
脚,0,0,1,0,0,0,1
脸,0,0,1,0,0,0,1
腿,0,0,1,0,0,0,1
般,0,0,1,0,0,0,1
蕉,0,0,1,0,0,0,1
街,0,0,1,0,0,0,1
衫,0,0,1,0,0,0,1
裙,0,0,1,0,0,0,1
辆,0,0,1,0,0,0,1
邻,0,0,1,0,0,0,1
锻,0,0,1,0,0,0,1
阿,0,0,1,0,0,0,1
鞋,0,0,1,0,0,0,1
骑,0,0,1,0,0,0,1
鸟,0,0,1,0,0,0,1
乒,0,0,0,1,0,0,1
乓,0,0,0,1,0,0,1
云,0,0,0,1,0,0,1
仅,0,0,0,1,0,0,1
俩,0,0,0,1,0,0,1
倍,0,0,0,1,0,0,1
傅,0,0,0,1,0,0,1
傲,0,0,0,1,0,0,1
允,0,0,0,1,0,0,1
剩,0,0,0,1,0,0,1
勺,0,0,0,1,0,0,1
匙,0,0,0,1,0,0,1
厕,0,0,0,1,0,0,1
厨,0,0,0,1,0,0,1
另,0,0,0,1,0,0,1
叶,0,0,0,1,0,0,1
呀,0,0,0,1,0,0,1
咱,0,0,0,1,0,0,1
咳,0,0,0,1,0,0,1
咸,0,0,0,1,0,0,1
嗽,0,0,0,1,0,0,1
圾,0,0,0,1,0,0,1
址,0,0,0,1,0,0,1
垃,0,0,0,1,0,0,1
填,0,0,0,1,0,0,1
够,0,0,0,1,0,0,1
孙,0,0,0,1,0,0,1
尔,0,0,0,1,0,0,1
尤,0,0,0,1,0,0,1
帅,0,0,0,1,0,0,1
幽,0,0,0,1,0,0,1
怜,0,0,0,1,0,0,1
愉,0,0,0,1,0,0,1
慕,0,0,0,1,0,0,1
戚,0,0,0,1,0,0,1
扔,0,0,0,1,0,0,1
抬,0,0,0,1,0,0,1
拉,0,0,0,1,0,0,1
拒,0,0,0,1,0,0,1
掉,0,0,0,1,0,0,1
敲,0,0,0,1,0,0,1
暑,0,0,0,1,0,0,1
柿,0,0,0,1,0,0,1
桶,0,0,0,1,0,0,1
森,0,0,0,1,0,0,1
棵,0,0,0,1,0,0,1
橡,0,0,0,1,0,0,1
汁,0,0,0,1,0,0,1
汗,0,0,0,1,0,0,1
江,0,0,0,1,0,0,1
汤,0,0,0,1,0,0,1
洋,0,0,0,1,0,0,1
烤,0,0,0,1,0,0,1
猜,0,0,0,1,0,0,1
琴,0,0,0,1,0,0,1
甚,0,0,0,1,0,0,1
盐,0,0,0,1,0,0,1
盒,0,0,0,1,0,0,1
础,0,0,0,1,0,0,1
硕,0,0,0,1,0,0,1
秀,0,0,0,1,0,0,1
秒,0,0,0,1,0,0,1
稍,0,0,0,1,0,0,1
篇,0,0,0,1,0,0,1
糖,0,0,0,1,0,0,1
羡,0,0,0,1,0,0,1
肚,0,0,0,1,0,0,1
肤,0,0,0,1,0,0,1
胳,0,0,0,1,0,0,1
脾,0,0,0,1,0,0,1
膊,0,0,0,1,0,0,1
膏,0,0,0,1,0,0,1
萄,0,0,0,1,0,0,1
葡,0,0,0,1,0,0,1
袜,0,0,0,1,0,0,1
译,0,0,0,1,0,0,1
贺,0,0,0,1,0,0,1
赚,0,0,0,1,0,0,1
赢,0,0,0,1,0,0,1
趟,0,0,0,1,0,0,1
躺,0,0,0,1,0,0,1
逛,0,0,0,1,0,0,1
郊,0,0,0,1,0,0,1
酸,0,0,0,1,0,0,1
钥,0,0,0,1,0,0,1
阅,0,0,0,1,0,0,1
陪,0,0,0,1,0,0,1
页,0,0,0,1,0,0,1
餐,0,0,0,1,0,0,1
饺,0,0,0,1,0,0,1
饼,0,0,0,1,0,0,1
骄,0,0,0,1,0,0,1
鸭,0,0,0,1,0,0,1
龄,0,0,0,1,0,0,1
乖,0,0,0,0,1,0,1
乙,0,0,0,0,1,0,1
享,0,0,0,0,1,0,1
亿,0,0,0,0,1,0,1
佛,0,0,0,0,1,0,1
俊,0,0,0,0,1,0,1
偷,0,0,0,0,1,0,1
傍,0,0,0,0,1,0,1
催,0,0,0,0,1,0,1
傻,0,0,0,0,1,0,1
兄,0,0,0,0,1,0,1
兔,0,0,0,0,1,0,1
兵,0,0,0,0,1,0,1
冠,0,0,0,0,1,0,1
删,0,0,0,0,1,0,1
劝,0,0,0,0,1,0,1
勿,0,0,0,0,1,0,1
匀,0,0,0,0,1,0,1
匆,0,0,0,0,1,0,1
匹,0,0,0,0,1,0,1
卧,0,0,0,0,1,0,1
厂,0,0,0,0,1,0,1
厘,0,0,0,0,1,0,1
厢,0,0,0,0,1,0,1
厦,0,0,0,0,1,0,1
县,0,0,0,0,1,0,1
叙,0,0,0,0,1,0,1
吨,0,0,0,0,1,0,1
吻,0,0,0,0,1,0,1
咨,0,0,0,0,1,0,1
咬,0,0,0,0,1,0,1
哈,0,0,0,0,1,0,1
哎,0,0,0,0,1,0,1
哲,0,0,0,0,1,0,1
唉,0,0,0,0,1,0,1
喊,0,0,0,0,1,0,1
喷,0,0,0,0,1,0,1
嗓,0,0,0,0,1,0,1
嘉,0,0,0,0,1,0,1
嚏,0,0,0,0,1,0,1
塘,0,0,0,0,1,0,1
墙,0,0,0,0,1,0,1
壶,0,0,0,0,1,0,1
奈,0,0,0,0,1,0,1
姻,0,0,0,0,1,0,1
娱,0,0,0,0,1,0,1
娶,0,0,0,0,1,0,1
婆,0,0,0,0,1,0,1
嫁,0,0,0,0,1,0,1
嫩,0,0,0,0,1,0,1
孝,0,0,0,0,1,0,1
宠,0,0,0,0,1,0,1
宴,0,0,0,0,1,0,1
宿,0,0,0,0,1,0,1
寞,0,0,0,0,1,0,1
寿,0,0,0,0,1,0,1
尘,0,0,0,0,1,0,1
尺,0,0,0,0,1,0,1
尾,0,0,0,0,1,0,1
屉,0,0,0,0,1,0,1
届,0,0,0,0,1,0,1
屋,0,0,0,0,1,0,1
屿,0,0,0,0,1,0,1
岛,0,0,0,0,1,0,1
岸,0,0,0,0,1,0,1
帘,0,0,0,0,1,0,1
幻,0,0,0,0,1,0,1
府,0,0,0,0,1,0,1
庭,0,0,0,0,1,0,1
弯,0,0,0,0,1,0,1
彼,0,0,0,0,1,0,1
恢,0,0,0,0,1,0,1
悠,0,0,0,0,1,0,1
惭,0,0,0,0,1,0,1
愁,0,0,0,0,1,0,1
慌,0,0,0,0,1,0,1
慧,0,0,0,0,1,0,1
憾,0,0,0,0,1,0,1
扇,0,0,0,0,1,0,1
扶,0,0,0,0,1,0,1
抄,0,0,0,0,1,0,1
披,0,0,0,0,1,0,1
押,0,0,0,0,1,0,1
拆,0,0,0,0,1,0,1
拍,0,0,0,0,1,0,1
挤,0,0,0,0,1,0,1
捐,0,0,0,0,1,0,1
捡,0,0,0,0,1,0,1
措,0,0,0,0,1,0,1
搜,0,0,0,0,1,0,1
搞,0,0,0,0,1,0,1
摔,0,0,0,0,1,0,1
撕,0,0,0,0,1,0,1
撞,0,0,0,0,1,0,1
旬,0,0,0,0,1,0,1
昆,0,0,0,0,1,0,1
映,0,0,0,0,1,0,1
晒,0,0,0,0,1,0,1
晕,0,0,0,0,1,0,1
曾,0,0,0,0,1,0,1
替,0,0,0,0,1,0,1
村,0,0,0,0,1,0,1
析,0,0,0,0,1,0,1
枪,0,0,0,0,1,0,1
某,0,0,0,0,1,0,1
柜,0,0,0,0,1,0,1
桃,0,0,0,0,1,0,1
桔,0,0,0,0,1,0,1
梨,0,0,0,0,1,0,1
梳,0,0,0,0,1,0,1
棋,0,0,0,0,1,0,1
椒,0,0,0,0,1,0,1
欠,0,0,0,0,1,0,1
欧,0,0,0,0,1,0,1
歇,0,0,0,0,1,0,1
毯,0,0,0,0,1,0,1
氛,0,0,0,0,1,0,1
沟,0,0,0,0,1,0,1
浅,0,0,0,0,1,0,1
浇,0,0,0,0,1,0,1
浏,0,0,0,0,1,0,1
滩,0,0,0,0,1,0,1
滴,0,0,0,0,1,0,1
漠,0,0,0,0,1,0,1
炒,0,0,0,0,1,0,1
炭,0,0,0,0,1,0,1
炮,0,0,0,0,1,0,1
烫,0,0,0,0,1,0,1
煤,0,0,0,0,1,0,1
煮,0,0,0,0,1,0,1
燃,0,0,0,0,1,0,1
狂,0,0,0,0,1,0,1
狡,0,0,0,0,1,0,1
狮,0,0,0,0,1,0,1
猪,0,0,0,0,1,0,1
猴,0,0,0,0,1,0,1
猾,0,0,0,0,1,0,1
玻,0,0,0,0,1,0,1
璃,0,0,0,0,1,0,1
甩,0,0,0,0,1,0,1
疗,0,0,0,0,1,0,1
疯,0,0,0,0,1,0,1
痒,0,0,0,0,1,0,1
皂,0,0,0,0,1,0,1
盼,0,0,0,0,1,0,1
盾,0,0,0,0,1,0,1
眉,0,0,0,0,1,0,1
眠,0,0,0,0,1,0,1
睁,0,0,0,0,1,0,1
瞎,0,0,0,0,1,0,1
瞧,0,0,0,0,1,0,1
矛,0,0,0,0,1,0,1
矩,0,0,0,0,1,0,1
碰,0,0,0,0,1,0,1
秩,0,0,0,0,1,0,1
税,0,0,0,0,1,0,1
稳,0,0,0,0,1,0,1
筑,0,0,0,0,1,0,1
粘,0,0,0,0,1,0,1
粮,0,0,0,0,1,0,1
糙,0,0,0,0,1,0,1
紫,0,0,0,0,1,0,1
绪,0,0,0,0,1,0,1
绳,0,0,0,0,1,0,1
绸,0,0,0,0,1,0,1
综,0,0,0,0,1,0,1
翅,0,0,0,0,1,0,1
耽,0,0,0,0,1,0,1
肃,0,0,0,0,1,0,1
肌,0,0,0,0,1,0,1
肠,0,0,0,0,1,0,1
肩,0,0,0,0,1,0,1
胁,0,0,0,0,1,0,1
胶,0,0,0,0,1,0,1
脖,0,0,0,0,1,0,1
腰,0,0,0,0,1,0,1
臭,0,0,0,0,1,0,1
艳,0,0,0,0,1,0,1
荐,0,0,0,0,1,0,1
蔬,0,0,0,0,1,0,1
虫,0,0,0,0,1,0,1
虹,0,0,0,0,1,0,1
蜂,0,0,0,0,1,0,1
蜜,0,0,0,0,1,0,1
蝴,0,0,0,0,1,0,1
蝶,0,0,0,0,1,0,1
裔,0,0,0,0,1,0,1
裹,0,0,0,0,1,0,1
订,0,0,0,0,1,0,1
讽,0,0,0,0,1,0,1
诗,0,0,0,0,1,0,1
谓,0,0,0,0,1,0,1
谨,0,0,0,0,1,0,1
豫,0,0,0,0,1,0,1
贡,0,0,0,0,1,0,1
贷,0,0,0,0,1,0,1
贸,0,0,0,0,1,0,1
赔,0,0,0,0,1,0,1
趁,0,0,0,0,1,0,1
趋,0,0,0,0,1,0,1
踩,0,0,0,0,1,0,1
蹲,0,0,0,0,1,0,1
躲,0,0,0,0,1,0,1
迅,0,0,0,0,1,0,1
返,0,0,0,0,1,0,1
逗,0,0,0,0,1,0,1
酱,0,0,0,0,1,0,1
醋,0,0,0,0,1,0,1
钓,0,0,0,0,1,0,1
铃,0,0,0,0,1,0,1
链,0,0,0,0,1,0,1
闯,0,0,0,0,1,0,1
陌,0,0,0,0,1,0,1
雾,0,0,0,0,1,0,1
霉,0,0,0,0,1,0,1
顶,0,0,0,0,1,0,1
颗,0,0,0,0,1,0,1
馒,0,0,0,0,1,0,1
驶,0,0,0,0,1,0,1
骂,0,0,0,0,1,0,1
骤,0,0,0,0,1,0,1
髦,0,0,0,0,1,0,1
魅,0,0,0,0,1,0,1
齿,0,0,0,0,1,0,1
丁,0,0,0,0,0,1,1
丐,0,0,0,0,0,1,1
丘,0,0,0,0,0,1,1
丙,0,0,0,0,0,1,1
丛,0,0,0,0,0,1,1
串,0,0,0,0,0,1,1
丸,0,0,0,0,0,1,1
乌,0,0,0,0,0,1,1
乞,0,0,0,0,0,1,1
乳,0,0,0,0,0,1,1
井,0,0,0,0,0,1,1
亦,0,0,0,0,0,1,1
亭,0,0,0,0,0,1,1
仁,0,0,0,0,0,1,1
仇,0,0,0,0,0,1,1
仗,0,0,0,0,0,1,1
仙,0,0,0,0,0,1,1
伍,0,0,0,0,0,1,1
伦,0,0,0,0,0,1,1
伯,0,0,0,0,0,1,1
伶,0,0,0,0,0,1,1
伺,0,0,0,0,0,1,1
佣,0,0,0,0,0,1,1
佳,0,0,0,0,0,1,1
侄,0,0,0,0,0,1,1
侈,0,0,0,0,0,1,1
侠,0,0,0,0,0,1,1
侣,0,0,0,0,0,1,1
侥,0,0,0,0,0,1,1
侦,0,0,0,0,0,1,1
侧,0,0,0,0,0,1,1
侨,0,0,0,0,0,1,1
侮,0,0,0,0,0,1,1
俐,0,0,0,0,0,1,1
俘,0,0,0,0,0,1,1
俭,0,0,0,0,0,1,1
俯,0,0,0,0,0,1,1
倔,0,0,0,0,0,1,1
倘,0,0,0,0,0,1,1
倦,0,0,0,0,0,1,1
债,0,0,0,0,0,1,1
僵,0,0,0,0,0,1,1
僻,0,0,0,0,0,1,1
儒,0,0,0,0,0,1,1
兆,0,0,0,0,0,1,1
党,0,0,0,0,0,1,1
兜,0,0,0,0,0,1,1
兽,0,0,0,0,0,1,1
冤,0,0,0,0,0,1,1
凄,0,0,0,0,0,1,1
凑,0,0,0,0,0,1,1
凸,0,0,0,0,0,1,1
凹,0,0,0,0,0,1,1
刑,0,0,0,0,0,1,1
券,0,0,0,0,0,1,1
剂,0,0,0,0,0,1,1
剑,0,0,0,0,0,1,1
剔,0,0,0,0,0,1,1
剖,0,0,0,0,0,1,1
剥,0,0,0,0,0,1,1
割,0,0,0,0,0,1,1
劈,0,0,0,0,0,1,1
劫,0,0,0,0,0,1,1
勘,0,0,0,0,0,1,1
勾,0,0,0,0,0,1,1
卓,0,0,0,0,0,1,1
卸,0,0,0,0,0,1,1
叛,0,0,0,0,0,1,1
叠,0,0,0,0,0,1,1
叨,0,0,0,0,0,1,1
叭,0,0,0,0,0,1,1
叮,0,0,0,0,0,1,1
叼,0,0,0,0,0,1,1
吁,0,0,0,0,0,1,1
吉,0,0,0,0,0,1,1
吊,0,0,0,0,0,1,1
君,0,0,0,0,0,1,1
吝,0,0,0,0,0,1,1
吟,0,0,0,0,0,1,1
吩,0,0,0,0,0,1,1
吼,0,0,0,0,0,1,1
呈,0,0,0,0,0,1,1
呕,0,0,0,0,0,1,1
呵,0,0,0,0,0,1,1
呻,0,0,0,0,0,1,1
咀,0,0,0,0,0,1,1
咋,0,0,0,0,0,1,1
咙,0,0,0,0,0,1,1
咽,0,0,0,0,0,1,1
哀,0,0,0,0,0,1,1
哆,0,0,0,0,0,1,1
哇,0,0,0,0,0,1,1
哑,0,0,0,0,0,1,1
哗,0,0,0,0,0,1,1
哨,0,0,0,0,0,1,1
哺,0,0,0,0,0,1,1
哼,0,0,0,0,0,1,1
唆,0,0,0,0,0,1,1
唇,0,0,0,0,0,1,1
唐,0,0,0,0,0,1,1
唠,0,0,0,0,0,1,1
唤,0,0,0,0,0,1,1
唾,0,0,0,0,0,1,1
啃,0,0,0,0,0,1,1
啥,0,0,0,0,0,1,1
啦,0,0,0,0,0,1,1
啬,0,0,0,0,0,1,1
啰,0,0,0,0,0,1,1
啸,0,0,0,0,0,1,1
喇,0,0,0,0,0,1,1
喉,0,0,0,0,0,1,1
喘,0,0,0,0,0,1,1
喧,0,0,0,0,0,1,1
嗅,0,0,0,0,0,1,1
嗦,0,0,0,0,0,1,1
嗨,0,0,0,0,0,1,1
嘈,0,0,0,0,0,1,1
嘛,0,0,0,0,0,1,1
嘲,0,0,0,0,0,1,1
嘿,0,0,0,0,0,1,1
噪,0,0,0,0,0,1,1
嚷,0,0,0,0,0,1,1
嚼,0,0,0,0,0,1,1
圣,0,0,0,0,0,1,1
坑,0,0,0,0,0,1,1
坛,0,0,0,0,0,1,1
坝,0,0,0,0,0,1,1
坟,0,0,0,0,0,1,1
坠,0,0,0,0,0,1,1
坡,0,0,0,0,0,1,1
垂,0,0,0,0,0,1,1
垄,0,0,0,0,0,1,1
垫,0,0,0,0,0,1,1
堂,0,0,0,0,0,1,1
堕,0,0,0,0,0,1,1
堡,0,0,0,0,0,1,1
堤,0,0,0,0,0,1,1
塌,0,0,0,0,0,1,1
塔,0,0,0,0,0,1,1
墅,0,0,0,0,0,1,1
墓,0,0,0,0,0,1,1
墟,0,0,0,0,0,1,1
墨,0,0,0,0,0,1,1
壤,0,0,0,0,0,1,1
壳,0,0,0,0,0,1,1
央,0,0,0,0,0,1,1
奉,0,0,0,0,0,1,1
奠,0,0,0,0,0,1,1
奢,0,0,0,0,0,1,1
奴,0,0,0,0,0,1,1
妄,0,0,0,0,0,1,1
妆,0,0,0,0,0,1,1
妒,0,0,0,0,0,1,1
姆,0,0,0,0,0,1,1
娇,0,0,0,0,0,1,1
婪,0,0,0,0,0,1,1
婴,0,0,0,0,0,1,1
媳,0,0,0,0,0,1,1
嫂,0,0,0,0,0,1,1
嫉,0,0,0,0,0,1,1
孔,0,0,0,0,0,1,1
宅,0,0,0,0,0,1,1
宇,0,0,0,0,0,1,1
宙,0,0,0,0,0,1,1
宪,0,0,0,0,0,1,1
宫,0,0,0,0,0,1,1
宰,0,0,0,0,0,1,1
宵,0,0,0,0,0,1,1
寝,0,0,0,0,0,1,1
寸,0,0,0,0,0,1,1
寺,0,0,0,0,0,1,1
尬,0,0,0,0,0,1,1
尴,0,0,0,0,0,1,1
尸,0,0,0,0,0,1,1
屁,0,0,0,0,0,1,1
屡,0,0,0,0,0,1,1
履,0,0,0,0,0,1,1
岂,0,0,0,0,0,1,1
岔,0,0,0,0,0,1,1
岗,0,0,0,0,0,1,1
岩,0,0,0,0,0,1,1
岳,0,0,0,0,0,1,1
峡,0,0,0,0,0,1,1
峰,0,0,0,0,0,1,1
峻,0,0,0,0,0,1,1
崖,0,0,0,0,0,1,1
崩,0,0,0,0,0,1,1
崭,0,0,0,0,0,1,1
嵌,0,0,0,0,0,1,1
川,0,0,0,0,0,1,1
州,0,0,0,0,0,1,1
巡,0,0,0,0,0,1,1
巢,0,0,0,0,0,1,1
巩,0,0,0,0,0,1,1
巷,0,0,0,0,0,1,1
帆,0,0,0,0,0,1,1
帐,0,0,0,0,0,1,1
帖,0,0,0,0,0,1,1
帜,0,0,0,0,0,1,1
帝,0,0,0,0,0,1,1
幢,0,0,0,0,0,1,1
庇,0,0,0,0,0,1,1
庙,0,0,0,0,0,1,1
庞,0,0,0,0,0,1,1
廊,0,0,0,0,0,1,1
廓,0,0,0,0,0,1,1
弦,0,0,0,0,0,1,1
彰,0,0,0,0,0,1,1
役,0,0,0,0,0,1,1
徊,0,0,0,0,0,1,1
徘,0,0,0,0,0,1,1
徙,0,0,0,0,0,1,1
御,0,0,0,0,0,1,1
怒,0,0,0,0,0,1,1
怖,0,0,0,0,0,1,1
怠,0,0,0,0,0,1,1
怯,0,0,0,0,0,1,1
恍,0,0,0,0,0,1,1
恒,0,0,0,0,0,1,1
恕,0,0,0,0,0,1,1
恩,0,0,0,0,0,1,1
悦,0,0,0,0,0,1,1
悼,0,0,0,0,0,1,1
惋,0,0,0,0,0,1,1
惕,0,0,0,0,0,1,1
惦,0,0,0,0,0,1,1
惨,0,0,0,0,0,1,1
惩,0,0,0,0,0,1,1
惫,0,0,0,0,0,1,1
惮,0,0,0,0,0,1,1
惰,0,0,0,0,0,1,1
惹,0,0,0,0,0,1,1
愈,0,0,0,0,0,1,1
愣,0,0,0,0,0,1,1
愤,0,0,0,0,0,1,1
慷,0,0,0,0,0,1,1
憋,0,0,0,0,0,1,1
扁,0,0,0,0,0,1,1
扑,0,0,0,0,0,1,1
扒,0,0,0,0,0,1,1
扛,0,0,0,0,0,1,1
扯,0,0,0,0,0,1,1
抑,0,0,0,0,0,1,1
抒,0,0,0,0,0,1,1
抛,0,0,0,0,0,1,1
拄,0,0,0,0,0,1,1
拌,0,0,0,0,0,1,1
拓,0,0,0,0,0,1,1
拖,0,0,0,0,0,1,1
拙,0,0,0,0,0,1,1
拟,0,0,0,0,0,1,1
拢,0,0,0,0,0,1,1
拣,0,0,0,0,0,1,1
拧,0,0,0,0,0,1,1
拽,0,0,0,0,0,1,1
挎,0,0,0,0,0,1,1
挖,0,0,0,0,0,1,1
挠,0,0,0,0,0,1,1
挨,0,0,0,0,0,1,1
挪,0,0,0,0,0,1,1
挫,0,0,0,0,0,1,1
捆,0,0,0,0,0,1,1
捉,0,0,0,0,0,1,1
捍,0,0,0,0,0,1,1
捎,0,0,0,0,0,1,1
捏,0,0,0,0,0,1,1
捞,0,0,0,0,0,1,1
捣,0,0,0,0,0,1,1
捷,0,0,0,0,0,1,1
掀,0,0,0,0,0,1,1
掏,0,0,0,0,0,1,1
掐,0,0,0,0,0,1,1
掘,0,0,0,0,0,1,1
掠,0,0,0,0,0,1,1
掰,0,0,0,0,0,1,1
掷,0,0,0,0,0,1,1
揉,0,0,0,0,0,1,1
揍,0,0,0,0,0,1,1
揭,0,0,0,0,0,1,1
援,0,0,0,0,0,1,1
搀,0,0,0,0,0,1,1
搁,0,0,0,0,0,1,1
搂,0,0,0,0,0,1,1
搅,0,0,0,0,0,1,1
搓,0,0,0,0,0,1,1
携,0,0,0,0,0,1,1
摊,0,0,0,0,0,1,1
摧,0,0,0,0,0,1,1
撇,0,0,0,0,0,1,1
撑,0,0,0,0,0,1,1
撒,0,0,0,0,0,1,1
撼,0,0,0,0,0,1,1
擎,0,0,0,0,0,1,1
攀,0,0,0,0,0,1,1
攒,0,0,0,0,0,1,1
敷,0,0,0,0,0,1,1
斑,0,0,0,0,0,1,1
斟,0,0,0,0,0,1,1
斥,0,0,0,0,0,1,1
斩,0,0,0,0,0,1,1
斯,0,0,0,0,0,1,1
旨,0,0,0,0,0,1,1
旱,0,0,0,0,0,1,1
旷,0,0,0,0,0,1,1
旺,0,0,0,0,0,1,1
昂,0,0,0,0,0,1,1
昌,0,0,0,0,0,1,1
昔,0,0,0,0,0,1,1
昼,0,0,0,0,0,1,1
晃,0,0,0,0,0,1,1
晋,0,0,0,0,0,1,1
晓,0,0,0,0,0,1,1
晤,0,0,0,0,0,1,1
晰,0,0,0,0,0,1,1
晶,0,0,0,0,0,1,1
晾,0,0,0,0,0,1,1
暄,0,0,0,0,0,1,1
暧,0,0,0,0,0,1,1
曝,0,0,0,0,0,1,1
朽,0,0,0,0,0,1,1
杆,0,0,0,0,0,1,1
杖,0,0,0,0,0,1,1
杜,0,0,0,0,0,1,1
杠,0,0,0,0,0,1,1
杰,0,0,0,0,0,1,1
枉,0,0,0,0,0,1,1
枕,0,0,0,0,0,1,1
枚,0,0,0,0,0,1,1
枝,0,0,0,0,0,1,1
柬,0,0,0,0,0,1,1
柱,0,0,0,0,0,1,1
栋,0,0,0,0,0,1,1
栏,0,0,0,0,0,1,1
株,0,0,0,0,0,1,1
栽,0,0,0,0,0,1,1
框,0,0,0,0,0,1,1
桑,0,0,0,0,0,1,1
桨,0,0,0,0,0,1,1
梁,0,0,0,0,0,1,1
梢,0,0,0,0,0,1,1
械,0,0,0,0,0,1,1
棉,0,0,0,0,0,1,1
棍,0,0,0,0,0,1,1
棕,0,0,0,0,0,1,1
椎,0,0,0,0,0,1,1
椭,0,0,0,0,0,1,1
榜,0,0,0,0,0,1,1
榨,0,0,0,0,0,1,1
橙,0,0,0,0,0,1,1
欲,0,0,0,0,0,1,1
歹,0,0,0,0,0,1,1
殃,0,0,0,0,0,1,1
殴,0,0,0,0,0,1,1
殿,0,0,0,0,0,1,1
氏,0,0,0,0,0,1,1
氓,0,0,0,0,0,1,1
汹,0,0,0,0,0,1,1
沃,0,0,0,0,0,1,1
沐,0,0,0,0,0,1,1
沛,0,0,0,0,0,1,1
沧,0,0,0,0,0,1,1
沫,0,0,0,0,0,1,1
沮,0,0,0,0,0,1,1
沸,0,0,0,0,0,1,1
沼,0,0,0,0,0,1,1
沾,0,0,0,0,0,1,1
沿,0,0,0,0,0,1,1
泌,0,0,0,0,0,1,1
泣,0,0,0,0,0,1,1
泥,0,0,0,0,0,1,1
泰,0,0,0,0,0,1,1
泻,0,0,0,0,0,1,1
泽,0,0,0,0,0,1,1
洪,0,0,0,0,0,1,1
浊,0,0,0,0,0,1,1
浑,0,0,0,0,0,1,1
浮,0,0,0,0,0,1,1
浴,0,0,0,0,0,1,1
浸,0,0,0,0,0,1,1
涕,0,0,0,0,0,1,1
涛,0,0,0,0,0,1,1
涩,0,0,0,0,0,1,1
涮,0,0,0,0,0,1,1
液,0,0,0,0,0,1,1
涵,0,0,0,0,0,1,1
淀,0,0,0,0,0,1,1
淆,0,0,0,0,0,1,1
淋,0,0,0,0,0,1,1
淹,0,0,0,0,0,1,1
渔,0,0,0,0,0,1,1
渗,0,0,0,0,0,1,1
渠,0,0,0,0,0,1,1
渡,0,0,0,0,0,1,1
渣,0,0,0,0,0,1,1
渺,0,0,0,0,0,1,1
湖,0,0,0,0,0,1,1
湾,0,0,0,0,0,1,1
溃,0,0,0,0,0,1,1
溅,0,0,0,0,0,1,1
溉,0,0,0,0,0,1,1
溜,0,0,0,0,0,1,1
溪,0,0,0,0,0,1,1
溶,0,0,0,0,0,1,1
滤,0,0,0,0,0,1,1
滥,0,0,0,0,0,1,1
滨,0,0,0,0,0,1,1
漆,0,0,0,0,0,1,1
潇,0,0,0,0,0,1,1
澄,0,0,0,0,0,1,1
澈,0,0,0,0,0,1,1
濒,0,0,0,0,0,1,1
瀑,0,0,0,0,0,1,1
灌,0,0,0,0,0,1,1
灶,0,0,0,0,0,1,1
灿,0,0,0,0,0,1,1
炉,0,0,0,0,0,1,1
炊,0,0,0,0,0,1,1
炫,0,0,0,0,0,1,1
烁,0,0,0,0,0,1,1
烘,0,0,0,0,0,1,1
烛,0,0,0,0,0,1,1
烹,0,0,0,0,0,1,1
焰,0,0,0,0,0,1,1
煌,0,0,0,0,0,1,1
煎,0,0,0,0,0,1,1
熄,0,0,0,0,0,1,1
熏,0,0,0,0,0,1,1
熨,0,0,0,0,0,1,1
爽,0,0,0,0,0,1,1
牧,0,0,0,0,0,1,1
牺,0,0,0,0,0,1,1
犬,0,0,0,0,0,1,1
狈,0,0,0,0,0,1,1
狠,0,0,0,0,0,1,1
狱,0,0,0,0,0,1,1
猎,0,0,0,0,0,1,1
猛,0,0,0,0,0,1,1
珠,0,0,0,0,0,1,1
琢,0,0,0,0,0,1,1
瓣,0,0,0,0,0,1,1
瓦,0,0,0,0,0,1,1
瓷,0,0,0,0,0,1,1
甭,0,0,0,0,0,1,1
畏,0,0,0,0,0,1,1
畔,0,0,0,0,0,1,1
番,0,0,0,0,0,1,1
畴,0,0,0,0,0,1,1
疆,0,0,0,0,0,1,1
疙,0,0,0,0,0,1,1
疤,0,0,0,0,0,1,1
疫,0,0,0,0,0,1,1
痕,0,0,0,0,0,1,1
痪,0,0,0,0,0,1,1
痹,0,0,0,0,0,1,1
瘤,0,0,0,0,0,1,1
瘩,0,0,0,0,0,1,1
瘫,0,0,0,0,0,1,1
瘸,0,0,0,0,0,1,1
癌,0,0,0,0,0,1,1
皆,0,0,0,0,0,1,1
皱,0,0,0,0,0,1,1
盗,0,0,0,0,0,1,1
盟,0,0,0,0,0,1,1
盯,0,0,0,0,0,1,1
盲,0,0,0,0,0,1,1
眨,0,0,0,0,0,1,1
眯,0,0,0,0,0,1,1
眶,0,0,0,0,0,1,1
睦,0,0,0,0,0,1,1
睬,0,0,0,0,0,1,1
睹,0,0,0,0,0,1,1
瞄,0,0,0,0,0,1,1
瞒,0,0,0,0,0,1,1
瞩,0,0,0,0,0,1,1
瞪,0,0,0,0,0,1,1
瞬,0,0,0,0,0,1,1
瞻,0,0,0,0,0,1,1
砖,0,0,0,0,0,1,1
砸,0,0,0,0,0,1,1
碌,0,0,0,0,0,1,1
碑,0,0,0,0,0,1,1
碳,0,0,0,0,0,1,1
磁,0,0,0,0,0,1,1
磅,0,0,0,0,0,1,1
磋,0,0,0,0,0,1,1
磕,0,0,0,0,0,1,1
祸,0,0,0,0,0,1,1
禽,0,0,0,0,0,1,1
秃,0,0,0,0,0,1,1
秤,0,0,0,0,0,1,1
稀,0,0,0,0,0,1,1
稚,0,0,0,0,0,1,1
稠,0,0,0,0,0,1,1
稻,0,0,0,0,0,1,1
稼,0,0,0,0,0,1,1
稿,0,0,0,0,0,1,1
穴,0,0,0,0,0,1,1
窃,0,0,0,0,0,1,1
窍,0,0,0,0,0,1,1
窜,0,0,0,0,0,1,1
窝,0,0,0,0,0,1,1
竖,0,0,0,0,0,1,1
竭,0,0,0,0,0,1,1
筋,0,0,0,0,0,1,1
筐,0,0,0,0,0,1,1
筒,0,0,0,0,0,1,1
筛,0,0,0,0,0,1,1
箭,0,0,0,0,0,1,1
篷,0,0,0,0,0,1,1
簸,0,0,0,0,0,1,1
粒,0,0,0,0,0,1,1
粥,0,0,0,0,0,1,1
粹,0,0,0,0,0,1,1
紊,0,0,0,0,0,1,1
纤,0,0,0,0,0,1,1
纬,0,0,0,0,0,1,1
纹,0,0,0,0,0,1,1
纺,0,0,0,0,0,1,1
纽,0,0,0,0,0,1,1
绅,0,0,0,0,0,1,1
绒,0,0,0,0,0,1,1
绘,0,0,0,0,0,1,1
绣,0,0,0,0,0,1,1
缀,0,0,0,0,0,1,1
缉,0,0,0,0,0,1,1
缔,0,0,0,0,0,1,1
缚,0,0,0,0,0,1,1
缝,0,0,0,0,0,1,1
缠,0,0,0,0,0,1,1
缴,0,0,0,0,0,1,1
罐,0,0,0,0,0,1,1
罕,0,0,0,0,0,1,1
罢,0,0,0,0,0,1,1
罩,0,0,0,0,0,1,1
翔,0,0,0,0,0,1,1
翘,0,0,0,0,0,1,1
耍,0,0,0,0,0,1,1
耕,0,0,0,0,0,1,1
耸,0,0,0,0,0,1,1
聋,0,0,0,0,0,1,1
肢,0,0,0,0,0,1,1
肪,0,0,0,0,0,1,1
肴,0,0,0,0,0,1,1
肺,0,0,0,0,0,1,1
肿,0,0,0,0,0,1,1
胀,0,0,0,0,0,1,1
脂,0,0,0,0,0,1,1
腔,0,0,0,0,0,1,1
腥,0,0,0,0,0,1,1
腹,0,0,0,0,0,1,1
腻,0,0,0,0,0,1,1
膛,0,0,0,0,0,1,1
膜,0,0,0,0,0,1,1
膝,0,0,0,0,0,1,1
膨,0,0,0,0,0,1,1
臂,0,0,0,0,0,1,1
臣,0,0,0,0,0,1,1
舆,0,0,0,0,0,1,1
舌,0,0,0,0,0,1,1
舔,0,0,0,0,0,1,1
舟,0,0,0,0,0,1,1
舰,0,0,0,0,0,1,1
舱,0,0,0,0,0,1,1
舶,0,0,0,0,0,1,1
艇,0,0,0,0,0,1,1
艘,0,0,0,0,0,1,1
芒,0,0,0,0,0,1,1
芽,0,0,0,0,0,1,1
苍,0,0,0,0,0,1,1
苏,0,0,0,0,0,1,1
苟,0,0,0,0,0,1,1
茂,0,0,0,0,0,1,1
茎,0,0,0,0,0,1,1
荡,0,0,0,0,0,1,1
荤,0,0,0,0,0,1,1
莫,0,0,0,0,0,1,1
菌,0,0,0,0,0,1,1
萌,0,0,0,0,0,1,1
萎,0,0,0,0,0,1,1
葬,0,0,0,0,0,1,1
蒂,0,0,0,0,0,1,1
蒙,0,0,0,0,0,1,1
蒸,0,0,0,0,0,1,1
蓄,0,0,0,0,0,1,1
蓬,0,0,0,0,0,1,1
蔓,0,0,0,0,0,1,1
蔚,0,0,0,0,0,1,1
蔼,0,0,0,0,0,1,1
蔽,0,0,0,0,0,1,1
蕴,0,0,0,0,0,1,1
蕾,0,0,0,0,0,1,1
薪,0,0,0,0,0,1,1
藐,0,0,0,0,0,1,1
虏,0,0,0,0,0,1,1
虐,0,0,0,0,0,1,1
蚀,0,0,0,0,0,1,1
蚁,0,0,0,0,0,1,1
蚂,0,0,0,0,0,1,1
蛮,0,0,0,0,0,1,1
蜡,0,0,0,0,0,1,1
蠢,0,0,0,0,0,1,1
衅,0,0,0,0,0,1,1
衍,0,0,0,0,0,1,1
衔,0,0,0,0,0,1,1
袍,0,0,0,0,0,1,1
袖,0,0,0,0,0,1,1
袭,0,0,0,0,0,1,1
袱,0,0,0,0,0,1,1
裂,0,0,0,0,0,1,1
裕,0,0,0,0,0,1,1
裳,0,0,0,0,0,1,1
覆,0,0,0,0,0,1,1
觅,0,0,0,0,0,1,1
譬,0,0,0,0,0,1,1
讥,0,0,0,0,0,1,1
讯,0,0,0,0,0,1,1
讳,0,0,0,0,0,1,1
讶,0,0,0,0,0,1,1
讼,0,0,0,0,0,1,1
诈,0,0,0,0,0,1,1
诧,0,0,0,0,0,1,1
诫,0,0,0,0,0,1,1
诬,0,0,0,0,0,1,1
诱,0,0,0,0,0,1,1
诵,0,0,0,0,0,1,1
诸,0,0,0,0,0,1,1
诺,0,0,0,0,0,1,1
诽,0,0,0,0,0,1,1
谍,0,0,0,0,0,1,1
谎,0,0,0,0,0,1,1
谐,0,0,0,0,0,1,1
谜,0,0,0,0,0,1,1
谣,0,0,0,0,0,1,1
谤,0,0,0,0,0,1,1
谬,0,0,0,0,0,1,1
谱,0,0,0,0,0,1,1
谴,0,0,0,0,0,1,1
贤,0,0,0,0,0,1,1
贩,0,0,0,0,0,1,1
贼,0,0,0,0,0,1,1
贿,0,0,0,0,0,1,1
赁,0,0,0,0,0,1,1
赂,0,0,0,0,0,1,1
赌,0,0,0,0,0,1,1
赠,0,0,0,0,0,1,1
赴,0,0,0,0,0,1,1
趴,0,0,0,0,0,1,1
跌,0,0,0,0,0,1,1
跨,0,0,0,0,0,1,1
跪,0,0,0,0,0,1,1
踊,0,0,0,0,0,1,1
蹈,0,0,0,0,0,1,1
蹋,0,0,0,0,0,1,1
蹦,0,0,0,0,0,1,1
蹬,0,0,0,0,0,1,1
躁,0,0,0,0,0,1,1
躬,0,0,0,0,0,1,1
轨,0,0,0,0,0,1,1
轰,0,0,0,0,0,1,1
辐,0,0,0,0,0,1,1
辕,0,0,0,0,0,1,1
辖,0,0,0,0,0,1,1
辙,0,0,0,0,0,1,1
辟,0,0,0,0,0,1,1
辫,0,0,0,0,0,1,1
辰,0,0,0,0,0,1,1
辱,0,0,0,0,0,1,1
辽,0,0,0,0,0,1,1
迄,0,0,0,0,0,1,1
迸,0,0,0,0,0,1,1
逆,0,0,0,0,0,1,1
逊,0,0,0,0,0,1,1
逝,0,0,0,0,0,1,1
逢,0,0,0,0,0,1,1
逮,0,0,0,0,0,1,1
逼,0,0,0,0,0,1,1
遏,0,0,0,0,0,1,1
遣,0,0,0,0,0,1,1
遮,0,0,0,0,0,1,1
郁,0,0,0,0,0,1,1
郎,0,0,0,0,0,1,1
郑,0,0,0,0,0,1,1
酌,0,0,0,0,0,1,1
酗,0,0,0,0,0,1,1
酝,0,0,0,0,0,1,1
酿,0,0,0,0,0,1,1
钉,0,0,0,0,0,1,1
钙,0,0,0,0,0,1,1
钝,0,0,0,0,0,1,1
钞,0,0,0,0,0,1,1
钦,0,0,0,0,0,1,1
钩,0,0,0,0,0,1,1
铜,0,0,0,0,0,1,1
铭,0,0,0,0,0,1,1
铸,0,0,0,0,0,1,1
铺,0,0,0,0,0,1,1
锈,0,0,0,0,0,1,1
锋,0,0,0,0,0,1,1
锤,0,0,0,0,0,1,1
锦,0,0,0,0,0,1,1
锲,0,0,0,0,0,1,1
镶,0,0,0,0,0,1,1
阂,0,0,0,0,0,1,1
阐,0,0,0,0,0,1,1
阱,0,0,0,0,0,1,1
陋,0,0,0,0,0,1,1
陡,0,0,0,0,0,1,1
陵,0,0,0,0,0,1,1
隘,0,0,0,0,0,1,1
隙,0,0,0,0,0,1,1
隧,0,0,0,0,0,1,1
隶,0,0,0,0,0,1,1
雀,0,0,0,0,0,1,1
雅,0,0,0,0,0,1,1
雌,0,0,0,0,0,1,1
雹,0,0,0,0,0,1,1
霍,0,0,0,0,0,1,1
霜,0,0,0,0,0,1,1
霞,0,0,0,0,0,1,1
霸,0,0,0,0,0,1,1
鞠,0,0,0,0,0,1,1
韧,0,0,0,0,0,1,1
颂,0,0,0,0,0,1,1
颇,0,0,0,0,0,1,1
颈,0,0,0,0,0,1,1
颖,0,0,0,0,0,1,1
颤,0,0,0,0,0,1,1
饥,0,0,0,0,0,1,1
饪,0,0,0,0,0,1,1
饲,0,0,0,0,0,1,1
饶,0,0,0,0,0,1,1
馅,0,0,0,0,0,1,1
馈,0,0,0,0,0,1,1
馋,0,0,0,0,0,1,1
驰,0,0,0,0,0,1,1
驱,0,0,0,0,0,1,1
驳,0,0,0,0,0,1,1
驻,0,0,0,0,0,1,1
魂,0,0,0,0,0,1,1
鲁,0,0,0,0,0,1,1
鸣,0,0,0,0,0,1,1
鸦,0,0,0,0,0,1,1
鸽,0,0,0,0,0,1,1
黎,0,0,0,0,0,1,1
